"t","S","E","I","R"
0,0.999,0,0.001,0
1,0.999,0,0.001,0
2,0.999,0,0.001,0
3,1,0,0,0
4,0.99805,0.00195,0,0
5,0.99805,0.00155,4e-04,0
6,0.9967,0.00245,0.00085,0
7,0.9967,0.00185,0.0013,0.00015
8,0.99525,0.0029,0.00155,3e-04
9,0.99525,0.00245,0.00195,0.00035
10,0.9929,0.00415,0.0024,0.00055
11,0.9929,0.00345,0.0028,0.00085
12,0.9905,0.005,0.00345,0.00105
13,0.9905,0.00415,0.0039,0.00145
14,0.98665,0.00735,0.00425,0.00175
15,0.98665,0.00575,0.0051,0.0025
16,0.9812,0.0093,0.0064,0.0031
17,0.9812,0.0074,0.0078,0.0036
18,0.97425,0.01215,0.00895,0.00465
19,0.97425,0.00985,0.00975,0.00615
20,0.9631,0.01855,0.01065,0.0077
21,0.9631,0.0154,0.01235,0.00915
22,0.9509,0.0233,0.01505,0.01075
23,0.9509,0.0183,0.0186,0.0122
24,0.93405,0.0288,0.0228,0.01435
25,0.9341,0.02285,0.02555,0.0175
26,0.90875,0.04265,0.02835,0.02025
27,0.9089,0.0343,0.0337,0.0231
28,0.878,0.0543,0.0412,0.0265
29,0.8781,0.0435,0.0479,0.0305
30,0.8354,0.07325,0.05455,0.0368
31,0.8356,0.05745,0.0632,0.04375
32,0.7805,0.0969,0.0716,0.051
33,0.7806,0.07575,0.08375,0.0599
34,0.7197,0.11565,0.09465,0.07
35,0.7198,0.0912,0.1082,0.0808
36,0.64215,0.1436,0.1213,0.09295
37,0.64245,0.1132,0.13785,0.1065
38,0.5585,0.16885,0.1497,0.12295
39,0.5587,0.13185,0.16855,0.1409
40,0.46975,0.183,0.1857,0.16155
41,0.4697,0.1441,0.2038,0.1824
42,0.37675,0.196,0.22085,0.2064
43,0.37705,0.153,0.2375,0.23245
44,0.2924,0.19665,0.2487,0.26225
45,0.29285,0.1524,0.2618,0.29295
46,0.2201,0.18205,0.27415,0.3237
47,0.2204,0.14045,0.2817,0.35745
48,0.1625,0.1581,0.28845,0.39095
49,0.1629,0.12335,0.2886,0.42515
50,0.12085,0.1277,0.2906,0.46085
51,0.1212,0.097,0.28635,0.49545
52,0.09085,0.10265,0.27595,0.53055
53,0.0918,0.0771,0.2653,0.5658
54,0.06975,0.0775,0.2537,0.59905
55,0.07,0.0609,0.2382,0.6309
56,0.0558,0.05865,0.2236,0.66195
57,0.0578,0.0454,0.20935,0.68745
58,0.0495,0.04315,0.19405,0.7133
59,0.05135,0.03315,0.18245,0.73305
60,0.0447,0.0327,0.1669,0.7557
61,0.04725,0.02565,0.1536,0.7735
62,0.043,0.02565,0.14005,0.7913
63,0.0448,0.0191,0.1289,0.8072
64,0.0416,0.01955,0.116,0.82285
65,0.0437,0.01595,0.10615,0.8342
66,0.04055,0.01645,0.09745,0.84555
67,0.04265,0.01385,0.089,0.8545
68,0.042,0.0135,0.08075,0.86375
69,0.045,0.0104,0.07325,0.87135
70,0.0449,0.01075,0.066,0.87835
71,0.04735,0.0087,0.0601,0.88385
72,0.0482,0.00795,0.05515,0.8887
73,0.0511,0.00615,0.05125,0.8915
74,0.05105,0.00705,0.0452,0.8967
75,0.0537,0.00635,0.0402,0.89975
76,0.05485,0.0057,0.0369,0.90255
77,0.05795,0.0052,0.03275,0.9041
78,0.0596,0.0053,0.02935,0.90575
79,0.06315,0.0045,0.027,0.90535
80,0.0642,0.0045,0.0255,0.9058
81,0.0678,0.00365,0.02325,0.9053
82,0.06935,0.0035,0.0214,0.90575
83,0.073,0.00295,0.01965,0.9044
84,0.0745,0.0033,0.01795,0.90425
85,0.07765,0.00265,0.01705,0.90265
86,0.079,0.0028,0.0153,0.9029
87,0.0826,0.00225,0.01375,0.9014
88,0.08455,0.00245,0.012,0.901
89,0.08835,0.003,0.01075,0.8979
90,0.0903,0.00295,0.0103,0.89645
91,0.0941,0.0023,0.01,0.8936
92,0.0961,0.00225,0.0088,0.89285
93,0.09925,0.0022,0.0086,0.88995
94,0.10095,0.00245,0.00795,0.88865
95,0.1048,0.00195,0.00775,0.8855
96,0.10665,0.0021,0.00735,0.8839
97,0.1099,0.00175,0.0069,0.88145
98,0.11245,0.0015,0.0066,0.87945
99,0.1151,0.0015,0.00665,0.87675
100,0.11655,0.00175,0.0055,0.8762
101,0.11985,0.00165,0.00485,0.87365
102,0.1217,0.00155,0.005,0.87175
103,0.1252,0.00145,0.00515,0.8682
104,0.1268,0.00145,0.00495,0.8668
105,0.12975,0.00135,0.0048,0.8641
106,0.13155,0.0018,0.0046,0.86205
107,0.13435,0.00125,0.00485,0.85955
108,0.13555,0.0015,0.0046,0.85835
109,0.1381,0.00135,0.00405,0.8565
110,0.13985,0.0014,0.00395,0.8548
111,0.14435,0.0015,0.00345,0.8507
112,0.1465,0.0016,0.0033,0.8486
113,0.14995,0.00135,0.0031,0.8456
114,0.15185,0.00105,0.00275,0.84435
115,0.15525,6e-04,0.0026,0.84155
116,0.1574,7e-04,0.00255,0.83935
117,0.15985,0.001,0.0019,0.83725
118,0.16165,0.00125,0.00155,0.83555
119,0.16415,0.00105,0.0016,0.8332
120,0.16665,0.00105,0.0015,0.8308
121,0.169,0.00095,0.0015,0.82855
122,0.1709,0.00095,0.00145,0.8267
123,0.1735,0.00075,0.0017,0.82405
124,0.17585,9e-04,0.00175,0.8215
125,0.17825,8e-04,0.00185,0.8191
126,0.18035,0.001,0.0018,0.81685
127,0.183,7e-04,0.00195,0.81435
128,0.18515,0.00065,0.0018,0.8124
129,0.18755,0.00075,0.0016,0.8101
130,0.1894,0.00085,0.0012,0.80855
131,0.1917,6e-04,0.00135,0.80635
132,0.19375,0.00075,0.0014,0.8041
133,0.19635,8e-04,0.00125,0.8016
134,0.1987,0.00075,0.0013,0.79925
135,0.2014,0.00085,0.0012,0.79655
136,0.20255,0.001,0.0013,0.79515
137,0.20525,7e-04,0.00125,0.7928
138,0.2075,0.00075,0.00125,0.7905
139,0.20985,0.00085,0.0013,0.788
140,0.2121,0.00075,0.0013,0.78585
141,0.2144,0.00055,0.00145,0.7836
142,0.21665,0.00055,0.0013,0.7815
143,0.21915,0.00055,0.00135,0.77895
144,0.22125,0.00055,0.0014,0.7768
145,0.22385,5e-04,0.0014,0.77425
146,0.22615,0.00045,0.00145,0.77195
147,0.22845,5e-04,0.0013,0.76975
148,0.2306,0.00055,0.0013,0.76755
149,0.23295,5e-04,0.00125,0.7653
150,0.23515,5e-04,0.00135,0.763
151,0.2376,7e-04,0.00125,0.76045
152,0.23985,0.00065,0.00115,0.75835
153,0.24115,0.00085,0.0012,0.7568
154,0.24315,0.00105,0.001,0.7548
155,0.2447,0.00105,0.00115,0.7531
156,0.2467,0.0012,0.0011,0.751
157,0.249,0.00105,0.00115,0.7488
158,0.2505,0.00095,0.00135,0.7472
159,0.2527,0.00095,0.00145,0.7449
160,0.2541,0.00075,0.0016,0.74355
161,0.2566,0.00075,0.00155,0.7411
162,0.25825,0.00075,0.00155,0.73945
163,0.2597,0.00105,0.0015,0.73775
164,0.26165,0.00085,0.0018,0.7357
165,0.2644,7e-04,0.002,0.7329
166,0.2661,7e-04,0.00205,0.73115
167,0.26775,0.0012,0.0019,0.72915
168,0.26945,0.00155,0.00175,0.72725
169,0.2721,0.00135,0.0018,0.72475
170,0.2736,0.0013,0.0018,0.7233
171,0.276,0.0011,0.00215,0.72075
172,0.27835,7e-04,0.0025,0.71845
173,0.2801,0.00085,0.0023,0.71675
174,0.28185,0.00115,0.00225,0.71475
175,0.28365,0.0013,0.00205,0.713
176,0.28535,0.00155,0.0021,0.711
177,0.2869,0.00155,0.00225,0.7093
178,0.2887,0.0015,0.0025,0.7073
179,0.2904,0.0015,0.0025,0.7056
180,0.2914,0.00155,0.00255,0.7045
181,0.29325,0.0016,0.0024,0.70275
182,0.2941,0.002,0.00255,0.70135
183,0.29585,0.0018,0.00275,0.6996
184,0.2971,0.00175,0.00295,0.6982
185,0.2985,0.00155,0.0031,0.69685
186,0.29975,0.0017,0.00295,0.6956
187,0.30215,0.0015,0.00295,0.6934
188,0.30375,0.00125,0.003,0.692
189,0.30585,0.0011,0.00285,0.6902
190,0.3076,0.0015,0.00275,0.68815
191,0.3091,0.00145,0.003,0.68645
192,0.31095,0.00145,0.0031,0.6845
193,0.31295,0.0016,0.00305,0.6824
194,0.31395,0.00165,0.0029,0.6815
195,0.3158,0.0015,0.00315,0.67955
196,0.31725,0.0018,0.003,0.67795
197,0.3191,0.002,0.0028,0.6761
198,0.32035,0.0021,0.0029,0.67465
199,0.3224,0.00205,0.0031,0.67245
200,0.3233,0.00215,0.00315,0.6714
201,0.3254,0.002,0.00285,0.66975
202,0.32635,0.0021,0.0029,0.66865
203,0.3283,0.00215,0.00245,0.6671
204,0.3294,0.00215,0.00285,0.6656
205,0.3312,0.00155,0.0034,0.66385
206,0.33205,0.00185,0.0032,0.6629
207,0.33355,0.0021,0.003,0.66135
208,0.33385,0.0024,0.00325,0.6605
209,0.33595,0.0024,0.00305,0.6586
210,0.3372,0.0026,0.0032,0.657
211,0.3385,0.00245,0.00325,0.6558
212,0.3397,0.0023,0.00355,0.65445
213,0.34125,0.00195,0.0039,0.6529
214,0.34255,0.00215,0.00385,0.65145
215,0.3441,0.0022,0.0039,0.6498
216,0.3449,0.0027,0.004,0.6484
217,0.346,0.00295,0.004,0.64705
218,0.34745,0.0031,0.0038,0.64565
219,0.349,0.0031,0.0041,0.6438
220,0.3503,0.0027,0.00455,0.64245
221,0.35125,0.00265,0.0046,0.6415
222,0.35265,0.0027,0.00435,0.6403
223,0.35395,0.00315,0.00405,0.63885
224,0.35475,0.00345,0.00435,0.63745
225,0.35635,0.0034,0.00425,0.636
226,0.3576,0.0037,0.00445,0.63425
227,0.3587,0.00345,0.005,0.63285
228,0.36005,0.00395,0.0051,0.6309
229,0.36075,0.00435,0.00535,0.62955
230,0.3615,0.0044,0.00565,0.62845
231,0.36315,0.00395,0.0063,0.6266
232,0.36375,0.0043,0.0069,0.62505
233,0.3648,0.0044,0.00705,0.62375
234,0.3641,0.0054,0.0072,0.6233
235,0.365,0.0058,0.00715,0.62205
236,0.36555,0.0052,0.00815,0.6211
237,0.36705,0.00485,0.00885,0.61925
238,0.3666,0.0059,0.0085,0.619
239,0.36695,0.0057,0.0091,0.61825
240,0.3668,0.00585,0.0092,0.61815
241,0.36755,0.00605,0.0092,0.6172
242,0.3672,0.00625,0.01025,0.6163
243,0.3677,0.00685,0.01055,0.6149
244,0.36665,0.0082,0.0103,0.61485
245,0.3674,0.0081,0.01085,0.61365
246,0.3673,0.0079,0.0115,0.6133
247,0.3671,0.0079,0.0123,0.6127
248,0.3666,0.0073,0.0137,0.6124
249,0.3671,0.00695,0.0144,0.61155
250,0.36505,0.00875,0.01445,0.61175
251,0.3653,0.0084,0.0153,0.611
252,0.3637,0.01,0.01505,0.61125
253,0.36255,0.01065,0.01615,0.61065
254,0.36115,0.0115,0.01725,0.6101
255,0.3607,0.01145,0.0179,0.60995
256,0.3573,0.0133,0.01845,0.61095
257,0.3566,0.0129,0.0192,0.6113
258,0.3541,0.0147,0.0188,0.6124
259,0.3536,0.0143,0.01985,0.61225
260,0.35165,0.0139,0.02135,0.6131
261,0.35105,0.01355,0.02235,0.61305
262,0.3487,0.01445,0.0231,0.61375
263,0.34765,0.01415,0.02465,0.61355
264,0.3436,0.01645,0.02485,0.6151
265,0.34175,0.0165,0.0266,0.61515
266,0.33805,0.01815,0.0273,0.6165
267,0.33645,0.01725,0.0283,0.618
268,0.3317,0.01825,0.02955,0.6205
269,0.3293,0.01835,0.0309,0.62145
270,0.3246,0.01905,0.033,0.62335
271,0.3221,0.02005,0.0329,0.62495
272,0.3184,0.0206,0.0345,0.6265
273,0.3168,0.0209,0.0342,0.6281
274,0.3116,0.02245,0.03555,0.6304
275,0.30925,0.0222,0.03595,0.6326
276,0.3044,0.02365,0.03665,0.6353
277,0.3011,0.0235,0.0376,0.6378
278,0.29525,0.0258,0.0385,0.64045
279,0.2933,0.0249,0.0394,0.6424
280,0.2868,0.0264,0.0415,0.6453
281,0.28375,0.02505,0.0438,0.6474
282,0.27755,0.02625,0.04525,0.65095
283,0.2736,0.02635,0.0456,0.65445
284,0.26725,0.0283,0.0462,0.65825
285,0.2651,0.0269,0.04775,0.66025
286,0.25815,0.02815,0.04885,0.66485
287,0.256,0.02655,0.04965,0.6678
288,0.25075,0.0278,0.0488,0.67265
289,0.2492,0.02595,0.0498,0.67505
290,0.2438,0.0267,0.0492,0.6803
291,0.24225,0.02685,0.0491,0.6818
292,0.23685,0.0273,0.04985,0.686
293,0.23485,0.0262,0.0512,0.68775
294,0.2301,0.02665,0.0513,0.69195
295,0.2293,0.024,0.05215,0.69455
296,0.22445,0.02465,0.05265,0.69825
297,0.2229,0.02325,0.0516,0.70225
298,0.21685,0.02475,0.0506,0.7078
299,0.21715,0.02365,0.0488,0.7104
300,0.21115,0.0249,0.0483,0.71565
301,0.21095,0.0232,0.04805,0.7178
302,0.20555,0.0241,0.04765,0.7227
303,0.20435,0.024,0.04595,0.7257
304,0.2004,0.02275,0.04755,0.7293
305,0.2006,0.02165,0.0477,0.73005
306,0.1966,0.02285,0.045,0.73555
307,0.1959,0.0221,0.04385,0.73815
308,0.19385,0.0204,0.044,0.74175
309,0.19335,0.0191,0.04555,0.742
310,0.1893,0.0206,0.0447,0.7454
311,0.18975,0.0199,0.04415,0.7462
312,0.1856,0.02135,0.042,0.75105
313,0.1863,0.0198,0.04075,0.75315
314,0.1833,0.0204,0.03995,0.75635
315,0.18525,0.0178,0.04015,0.7568
316,0.1825,0.0178,0.0401,0.7596
317,0.18485,0.0165,0.03845,0.7602
318,0.1827,0.0167,0.0368,0.7638
319,0.1851,0.0149,0.03675,0.76325
320,0.1824,0.015,0.03605,0.76655
321,0.18595,0.0138,0.03365,0.7666
322,0.18455,0.01355,0.03295,0.76895
323,0.1884,0.01225,0.0317,0.76765
324,0.1866,0.01305,0.03075,0.7696
325,0.1894,0.0122,0.0302,0.7682
326,0.1864,0.01275,0.02975,0.7711
327,0.18975,0.01215,0.02825,0.76985
328,0.18815,0.01285,0.02755,0.77145
329,0.1907,0.01115,0.02775,0.7704
330,0.18925,0.01215,0.02685,0.77175
331,0.1927,0.01055,0.0276,0.76915
332,0.19115,0.0105,0.02735,0.771
333,0.19485,0.00995,0.02635,0.76885
334,0.19295,0.0114,0.0249,0.77075
335,0.19665,0.01095,0.0248,0.7676
336,0.19615,0.0106,0.02445,0.7688
337,0.2005,0.0091,0.02475,0.76565
338,0.19855,0.01025,0.02355,0.76765
339,0.20255,0.00905,0.0236,0.7648
340,0.2011,0.01045,0.02295,0.7655
341,0.20535,0.0092,0.0226,0.76285
342,0.20425,0.00935,0.022,0.7644
343,0.20825,0.00925,0.0209,0.7616
344,0.2067,0.00995,0.02015,0.7632
345,0.2105,0.00945,0.0196,0.76045
346,0.2102,0.0094,0.01945,0.76095
347,0.2143,0.0081,0.01935,0.75825
348,0.21285,0.0094,0.01945,0.7583
349,0.21745,0.00875,0.01875,0.75505
350,0.21505,0.01065,0.0187,0.7556
351,0.21885,0.0096,0.01895,0.7526
352,0.2175,0.0105,0.0186,0.7534
353,0.22125,0.00915,0.01855,0.75105
354,0.2196,0.0103,0.0186,0.7515
355,0.2235,0.0094,0.01825,0.74885
356,0.22215,0.01,0.01775,0.7501
357,0.2264,0.0089,0.01835,0.74635
358,0.2253,0.0097,0.01755,0.74745
359,0.2288,0.0082,0.01825,0.74475
360,0.22665,0.0098,0.01775,0.7458
361,0.2301,0.0088,0.01815,0.74295
362,0.2289,0.0098,0.01815,0.74315
363,0.2331,0.0081,0.01835,0.74045
364,0.23195,0.0088,0.01865,0.7406
365,0.23675,0.0088,0.0185,0.73595
366,0.23475,0.0103,0.0188,0.73615
367,0.23945,0.00945,0.019,0.7321
368,0.23755,0.0109,0.01935,0.7322
369,0.24195,0.00985,0.01875,0.72945
370,0.2402,0.01,0.02,0.7298
371,0.2449,0.0096,0.0191,0.7264
372,0.24325,0.011,0.01905,0.7267
373,0.24855,0.0103,0.0189,0.72225
374,0.247,0.01145,0.01805,0.7235
375,0.251,0.01095,0.01825,0.7198
376,0.2493,0.0121,0.01835,0.72025
377,0.25375,0.01045,0.0191,0.7167
378,0.2517,0.0119,0.01905,0.71735
379,0.2557,0.01055,0.02025,0.7135
380,0.25405,0.0107,0.0206,0.71465
381,0.2584,0.0094,0.0205,0.7117
382,0.25545,0.0114,0.0211,0.71205
383,0.25885,0.0108,0.0207,0.70965
384,0.2562,0.0131,0.02045,0.71025
385,0.2606,0.0116,0.02055,0.70725
386,0.25865,0.01125,0.0224,0.7077
387,0.26255,0.0103,0.02255,0.7046
388,0.25945,0.0125,0.0222,0.70585
389,0.26395,0.0113,0.02315,0.7016
390,0.261,0.0135,0.02325,0.70225
391,0.26435,0.0124,0.02265,0.7006
392,0.26225,0.0129,0.02335,0.7015
393,0.26595,0.0117,0.0232,0.69915
394,0.2629,0.0132,0.024,0.6999
395,0.2678,0.01185,0.0233,0.69705
396,0.2643,0.0135,0.0241,0.6981
397,0.2683,0.01195,0.02425,0.6955
398,0.2653,0.01295,0.0246,0.69715
399,0.2678,0.0122,0.0245,0.6955
400,0.2643,0.0146,0.0244,0.6967
401,0.26805,0.0144,0.0235,0.69405
402,0.26515,0.01565,0.02395,0.69525
403,0.26985,0.01355,0.02505,0.69155
404,0.26695,0.01455,0.02525,0.69325
405,0.27055,0.0127,0.026,0.69075
406,0.26705,0.0137,0.02605,0.6932
407,0.27085,0.01325,0.02575,0.69015
408,0.2678,0.01495,0.02545,0.6918
409,0.2717,0.01295,0.02545,0.6899
410,0.2671,0.0162,0.0257,0.691
411,0.27095,0.01475,0.02635,0.68795
412,0.2666,0.01685,0.02735,0.6892
413,0.271,0.01505,0.0266,0.68735
414,0.2664,0.0179,0.0269,0.6888
415,0.2702,0.01525,0.028,0.68655
416,0.2663,0.01615,0.0296,0.68795
417,0.2697,0.0146,0.02985,0.68585
418,0.26475,0.01745,0.03035,0.68745
419,0.2679,0.0167,0.02985,0.68555
420,0.26425,0.01815,0.03075,0.68685
421,0.2695,0.01585,0.0308,0.68385
422,0.2651,0.01715,0.03165,0.6861
423,0.2691,0.0153,0.03225,0.68335
424,0.26475,0.01815,0.0319,0.6852
425,0.26845,0.01525,0.03365,0.68265
426,0.2646,0.01705,0.03435,0.684
427,0.26755,0.0157,0.03365,0.6831
428,0.2614,0.0197,0.033,0.6859
429,0.2643,0.01785,0.03325,0.6846
430,0.2594,0.02,0.0329,0.6877
431,0.2619,0.0185,0.0331,0.6865
432,0.25675,0.02075,0.03295,0.68955
433,0.26025,0.01905,0.03315,0.68755
434,0.25585,0.02,0.0335,0.69065
435,0.2597,0.0181,0.03455,0.68765
436,0.25345,0.02125,0.0338,0.6915
437,0.2577,0.019,0.0344,0.6889
438,0.2529,0.0205,0.0353,0.6913
439,0.25585,0.0177,0.0363,0.69015
440,0.25055,0.01975,0.0367,0.693
441,0.25355,0.0179,0.03625,0.6923
442,0.2474,0.0215,0.03645,0.69465
443,0.25115,0.01925,0.03635,0.69325
444,0.2465,0.0207,0.0369,0.6959
445,0.2511,0.0174,0.0378,0.6937
446,0.24625,0.02075,0.03675,0.69625
447,0.25105,0.01795,0.03655,0.69445
448,0.2465,0.01935,0.0371,0.69705
449,0.2496,0.01685,0.0376,0.69595
450,0.24595,0.0181,0.03745,0.6985
451,0.25055,0.0158,0.03675,0.6969
452,0.2437,0.02,0.0372,0.6991
453,0.24705,0.01835,0.0368,0.6978
454,0.24195,0.0216,0.036,0.70045
455,0.24585,0.0186,0.03745,0.6981
456,0.2402,0.0215,0.038,0.7003
457,0.24405,0.0191,0.03855,0.6983
458,0.2396,0.0215,0.03785,0.70105
459,0.24305,0.0197,0.0376,0.69965
460,0.23765,0.022,0.0381,0.70225
461,0.2415,0.02,0.0377,0.7008
462,0.23595,0.02225,0.0385,0.7033
463,0.24005,0.019,0.03855,0.7024
464,0.23465,0.0212,0.03955,0.7046
465,0.2386,0.0183,0.0395,0.7036
466,0.2342,0.01995,0.0393,0.70655
467,0.2377,0.01815,0.0392,0.70495
468,0.23295,0.02005,0.03965,0.70735
469,0.2378,0.0166,0.0403,0.7053
470,0.23245,0.01955,0.0399,0.7081
471,0.23565,0.0177,0.03915,0.7075
472,0.22975,0.0204,0.039,0.71085
473,0.233,0.01835,0.03835,0.7103
474,0.22775,0.0213,0.03915,0.7118
475,0.2317,0.01875,0.0395,0.71005
476,0.22635,0.02115,0.03965,0.71285
477,0.22995,0.0183,0.04025,0.7115
478,0.2253,0.01975,0.04045,0.7145
479,0.22915,0.0177,0.04075,0.7124
480,0.2254,0.01935,0.04005,0.7152
481,0.22865,0.0172,0.03915,0.715
482,0.2238,0.02035,0.0378,0.71805
483,0.22795,0.01795,0.0386,0.7155
484,0.22315,0.0203,0.0384,0.71815
485,0.2273,0.017,0.0382,0.7175
486,0.22255,0.01845,0.03795,0.72105
487,0.22595,0.01615,0.0385,0.7194
488,0.22055,0.0192,0.03765,0.7226
489,0.22485,0.01765,0.03685,0.72065
490,0.22015,0.01915,0.03795,0.72275
491,0.2247,0.01575,0.0386,0.72095
492,0.2206,0.0174,0.038,0.724
493,0.2248,0.01525,0.03775,0.7222
494,0.22075,0.0176,0.0365,0.72515
495,0.22585,0.01545,0.03585,0.72285
496,0.2217,0.01825,0.0347,0.72535
497,0.2262,0.0162,0.03425,0.72335
498,0.2231,0.0179,0.0344,0.7246
499,0.22685,0.0164,0.0336,0.72315
500,0.22235,0.0186,0.03395,0.7251
501,0.2265,0.0158,0.0346,0.7231
502,0.22355,0.0168,0.03495,0.7247
503,0.228,0.01525,0.03305,0.7237
504,0.22425,0.0165,0.03305,0.7262
505,0.2285,0.0144,0.0326,0.7245
506,0.2249,0.01565,0.03255,0.7269
507,0.229,0.0139,0.03225,0.72485
508,0.2254,0.0168,0.0314,0.7264
509,0.22995,0.0151,0.03,0.72495
510,0.2262,0.01715,0.02975,0.7269
511,0.23095,0.01535,0.02955,0.72415
512,0.228,0.0164,0.0294,0.7262
513,0.2332,0.01385,0.0297,0.72325
514,0.22965,0.0167,0.0291,0.72455
515,0.23425,0.0149,0.02875,0.7221
516,0.23135,0.01595,0.02945,0.72325
517,0.2357,0.0145,0.0288,0.721
518,0.232,0.01675,0.0288,0.72245
519,0.23615,0.01535,0.0282,0.7203
520,0.232,0.01735,0.02885,0.7218
521,0.2376,0.01525,0.0287,0.71845
522,0.23405,0.017,0.0291,0.71985
523,0.23905,0.0152,0.02965,0.7161
524,0.2353,0.01815,0.02985,0.7167
525,0.24055,0.016,0.02955,0.7139
526,0.23735,0.0171,0.02945,0.7161
527,0.24205,0.0154,0.0295,0.71305
528,0.238,0.01755,0.02935,0.7151
529,0.2433,0.01455,0.03025,0.7119
530,0.2394,0.0166,0.03085,0.71315
531,0.24325,0.01535,0.03125,0.71015
532,0.2386,0.01775,0.03155,0.7121
533,0.2423,0.01545,0.0315,0.71075
534,0.2378,0.0182,0.03155,0.71245
535,0.24215,0.01575,0.0323,0.7098
536,0.2382,0.0189,0.03145,0.71145
537,0.24075,0.0165,0.03175,0.711
538,0.2377,0.0176,0.03325,0.71145
539,0.242,0.0161,0.032,0.7099
540,0.23725,0.0188,0.03235,0.7116
541,0.24195,0.0162,0.03295,0.7089
542,0.23845,0.01745,0.03295,0.71115
543,0.24225,0.0151,0.03315,0.7095
544,0.23775,0.01805,0.0318,0.7124
545,0.2413,0.0166,0.03145,0.71065
546,0.2375,0.0184,0.03205,0.71205
547,0.2408,0.017,0.03135,0.71085
548,0.23615,0.01965,0.03095,0.71325
549,0.24,0.01675,0.03245,0.7108
550,0.2366,0.01865,0.0329,0.71185
551,0.2406,0.01555,0.03455,0.7093
552,0.2367,0.0179,0.03365,0.71175
553,0.2404,0.01675,0.03375,0.7091
554,0.2357,0.01865,0.0345,0.71115
555,0.23935,0.0163,0.03545,0.7089
556,0.23435,0.0192,0.0352,0.71125
557,0.23815,0.0171,0.0344,0.71035
558,0.23415,0.01955,0.0344,0.7119
559,0.23775,0.0166,0.03605,0.7096
560,0.23365,0.01845,0.0358,0.7121
561,0.2371,0.01655,0.0362,0.71015
562,0.23325,0.01825,0.0359,0.7126
563,0.23575,0.01695,0.0342,0.7131
564,0.23125,0.01995,0.0336,0.7152
565,0.2348,0.0186,0.0331,0.7135
566,0.2319,0.01855,0.035,0.71455
567,0.2351,0.0166,0.03545,0.71285
568,0.23055,0.018,0.0358,0.71565
569,0.23405,0.0162,0.0348,0.71495
570,0.23005,0.0185,0.03385,0.7176
571,0.2342,0.01595,0.034,0.71585
572,0.22995,0.01815,0.0339,0.718
573,0.2329,0.0164,0.03415,0.71655
574,0.22925,0.01815,0.0347,0.7179
575,0.2327,0.01585,0.03485,0.7166
576,0.22805,0.01795,0.03545,0.71855
577,0.232,0.0157,0.03485,0.71745
578,0.2271,0.0189,0.0351,0.7189
579,0.23055,0.01725,0.0343,0.7179
580,0.2276,0.0181,0.03335,0.72095
581,0.23095,0.01565,0.0334,0.72
582,0.2277,0.01785,0.03325,0.7212
583,0.23205,0.016,0.03315,0.7188
584,0.2298,0.0166,0.03265,0.72095
585,0.23325,0.015,0.03125,0.7205
586,0.2301,0.0157,0.03185,0.72235
587,0.233,0.0144,0.0314,0.7212
588,0.22925,0.0169,0.03045,0.7234
589,0.2334,0.0141,0.0311,0.7214
590,0.22995,0.0162,0.03075,0.7231
591,0.2348,0.01415,0.0308,0.72025
592,0.2309,0.0172,0.03065,0.72125
593,0.23525,0.0149,0.03065,0.7192
594,0.2314,0.01715,0.02965,0.7218
595,0.23505,0.0152,0.0291,0.72065
596,0.2324,0.0172,0.02855,0.72185
597,0.23535,0.0149,0.02865,0.7211
598,0.23195,0.0173,0.02775,0.723
599,0.2356,0.0153,0.028,0.7211
600,0.23395,0.01505,0.0289,0.7221
601,0.23855,0.01345,0.0293,0.7187
602,0.23605,0.01435,0.02935,0.72025
603,0.2399,0.0126,0.02985,0.71765
604,0.23675,0.01525,0.0285,0.7195
605,0.2404,0.0132,0.0295,0.7169
606,0.2378,0.01525,0.02865,0.7183
607,0.24085,0.01365,0.0292,0.7163
608,0.23845,0.01535,0.02935,0.71685
609,0.2427,0.0141,0.0292,0.714
610,0.2392,0.01585,0.0294,0.71555
611,0.24285,0.0147,0.0288,0.71365
612,0.2405,0.0155,0.0293,0.7147
613,0.2438,0.01355,0.0295,0.71315
614,0.24035,0.0156,0.0288,0.71525
615,0.2432,0.01395,0.02855,0.7143
616,0.23965,0.016,0.02805,0.7163
617,0.2432,0.01385,0.02865,0.7143
618,0.23995,0.01605,0.0283,0.7157
619,0.2437,0.01415,0.02865,0.7135
620,0.23945,0.0163,0.02885,0.7154
621,0.2435,0.01405,0.02925,0.7132
622,0.2401,0.01585,0.0295,0.71455
623,0.2426,0.0142,0.03045,0.71275
624,0.24015,0.0155,0.03075,0.7136
625,0.24295,0.01445,0.02975,0.71285
626,0.23945,0.0163,0.02985,0.7144
627,0.24195,0.0152,0.0306,0.71225
628,0.2383,0.01765,0.02985,0.7142
629,0.24185,0.0158,0.03025,0.7121
630,0.2387,0.01725,0.0305,0.71355
631,0.2421,0.0157,0.0302,0.712
632,0.2385,0.01695,0.03065,0.7139
633,0.2416,0.01505,0.03,0.71335
634,0.2379,0.01665,0.03025,0.7152
635,0.24215,0.01405,0.03105,0.71275
636,0.23845,0.0152,0.03105,0.7153
637,0.24255,0.01245,0.0318,0.7132
638,0.2398,0.01365,0.0319,0.71465
639,0.24265,0.0134,0.03035,0.7136
640,0.239,0.01585,0.02895,0.7162
641,0.2415,0.01505,0.02905,0.7144
642,0.2378,0.01625,0.0297,0.71625
643,0.2421,0.0141,0.03065,0.71315
644,0.2379,0.0161,0.0314,0.7146
645,0.2423,0.0143,0.03095,0.71245
646,0.2387,0.0163,0.0315,0.7135
647,0.24255,0.01495,0.03125,0.71125
648,0.23995,0.016,0.0323,0.71175
649,0.24405,0.0142,0.0324,0.70935
650,0.23975,0.0171,0.0319,0.71125
651,0.2438,0.0159,0.0313,0.709
652,0.2399,0.01755,0.03195,0.7106
653,0.2427,0.01625,0.032,0.70905
654,0.2398,0.01725,0.032,0.71095
655,0.2427,0.01595,0.0322,0.70915
656,0.2395,0.01705,0.03315,0.7103
657,0.2419,0.01545,0.03325,0.7094
658,0.23775,0.01805,0.03305,0.71115
659,0.24105,0.0164,0.03315,0.7094
660,0.2378,0.0174,0.03385,0.71095
661,0.24115,0.01585,0.033,0.71
662,0.237,0.01805,0.0325,0.71245
663,0.2408,0.0164,0.0327,0.7101
664,0.2368,0.01875,0.03285,0.7116
665,0.2412,0.0163,0.03355,0.70895
666,0.23615,0.01915,0.03325,0.71145
667,0.24055,0.01725,0.0336,0.7086
668,0.23615,0.0194,0.0337,0.71075
669,0.24005,0.0176,0.03355,0.7088
670,0.23625,0.0187,0.0341,0.71095
671,0.23945,0.0166,0.0344,0.70955
672,0.23695,0.0164,0.03515,0.7115
673,0.239,0.0154,0.03405,0.71155
674,0.23505,0.0171,0.03335,0.7145
675,0.23895,0.01485,0.0331,0.7131
676,0.2353,0.01695,0.03335,0.7144
677,0.24045,0.0155,0.03305,0.711
678,0.23615,0.01745,0.03285,0.71355
679,0.239,0.01545,0.0338,0.71175
680,0.2347,0.01755,0.0329,0.71485
681,0.23735,0.01595,0.0332,0.7135
682,0.23235,0.01825,0.03365,0.71575
683,0.23665,0.0153,0.0341,0.71395
684,0.232,0.01785,0.0342,0.71595
685,0.23585,0.0164,0.03375,0.714
686,0.23125,0.01865,0.03355,0.71655
687,0.234,0.01655,0.0339,0.71555
688,0.22965,0.01835,0.034,0.718
689,0.23475,0.01645,0.0337,0.7151
690,0.2311,0.0177,0.0343,0.7169
691,0.235,0.016,0.03445,0.71455
692,0.2303,0.0185,0.03335,0.71785
693,0.2331,0.01675,0.03345,0.7167
694,0.22855,0.02005,0.03315,0.71825
695,0.23275,0.01755,0.0339,0.7158
696,0.22975,0.01835,0.034,0.7179
697,0.23305,0.01655,0.03415,0.71625
698,0.22905,0.01845,0.03315,0.71935
699,0.2325,0.01675,0.0331,0.71765
700,0.22865,0.01875,0.0327,0.7199
701,0.23245,0.01645,0.033,0.7181
702,0.2289,0.01765,0.0328,0.72065
703,0.23185,0.01585,0.03305,0.71925
704,0.22815,0.01775,0.0324,0.7217
705,0.2319,0.0161,0.03195,0.72005
706,0.22795,0.01725,0.03235,0.72245
707,0.23195,0.01525,0.0332,0.7196
708,0.22875,0.01735,0.0328,0.7211
709,0.2334,0.015,0.03285,0.71875
710,0.22945,0.0173,0.0327,0.72055
711,0.2344,0.0152,0.03175,0.71865
712,0.23065,0.01775,0.03135,0.72025
713,0.23375,0.016,0.0311,0.71915
714,0.2309,0.01635,0.0316,0.72115
715,0.23455,0.01425,0.0317,0.7195
716,0.23045,0.0169,0.0311,0.72155
717,0.2345,0.01495,0.03135,0.7192
718,0.2301,0.0173,0.0313,0.7213
719,0.23335,0.0156,0.03125,0.7198
720,0.2289,0.01825,0.0304,0.72245
721,0.2338,0.0159,0.02975,0.72055
722,0.2302,0.0169,0.0307,0.7222
723,0.2346,0.01525,0.0302,0.71995
724,0.23115,0.01615,0.03135,0.72135
725,0.2341,0.01455,0.03195,0.7194
726,0.23,0.01635,0.03205,0.7216
727,0.23425,0.01395,0.0317,0.7201
728,0.22955,0.0171,0.0316,0.72175
729,0.23315,0.0152,0.032,0.71965
730,0.2285,0.0184,0.03175,0.72135
