"t","S","E","I","R"
0,0.999,0,0.001,0
1,0.999,0,0.001,0
2,0.999,0,0.001,0
3,1,0,0,0
4,0.998,0.002,0,0
5,0.998,0.00175,0.00025,0
6,0.99695,0.0023,0.00075,0
7,0.99695,0.00185,0.00115,5e-05
8,0.995,0.00315,0.0018,5e-05
9,0.995,0.0025,0.0024,1e-04
10,0.99245,0.00415,0.00305,0.00035
11,0.99245,0.0031,0.0038,0.00065
12,0.9888,0.00595,0.00425,0.001
13,0.9888,0.0047,0.00495,0.00155
14,0.98335,0.00855,0.00595,0.00215
15,0.98335,0.0071,0.00675,0.0028
16,0.97615,0.01235,0.008,0.0035
17,0.97615,0.0094,0.01025,0.0042
18,0.96675,0.01635,0.01145,0.00545
19,0.96675,0.01275,0.014,0.0065
20,0.95265,0.02325,0.016,0.0081
21,0.9527,0.01855,0.0191,0.00965
22,0.933,0.03335,0.0223,0.01135
23,0.933,0.0267,0.0261,0.0142
24,0.90925,0.04265,0.03065,0.01745
25,0.90925,0.03425,0.03565,0.02085
26,0.8745,0.0585,0.042,0.025
27,0.8746,0.0467,0.04875,0.02995
28,0.8295,0.0789,0.0558,0.0358
29,0.8296,0.0628,0.066,0.0416
30,0.7742,0.10125,0.07375,0.0508
31,0.7743,0.08,0.08715,0.05855
32,0.7121,0.1197,0.09915,0.06905
33,0.7122,0.09365,0.11335,0.0808
34,0.6343,0.14675,0.12515,0.0938
35,0.63455,0.1159,0.14115,0.1084
36,0.54625,0.17005,0.15895,0.12475
37,0.54635,0.13505,0.17455,0.14405
38,0.45485,0.18975,0.19,0.1654
39,0.45485,0.1496,0.208,0.18755
40,0.36525,0.19785,0.2257,0.2112
41,0.3657,0.15035,0.24615,0.2378
42,0.28445,0.1861,0.262,0.26745
43,0.28435,0.14315,0.272,0.3005
44,0.2134,0.17475,0.278,0.33385
45,0.21395,0.13555,0.2852,0.3653
46,0.1584,0.15235,0.2911,0.39815
47,0.1586,0.1159,0.29195,0.43355
48,0.1166,0.12505,0.29145,0.4669
49,0.1169,0.09665,0.28515,0.5013
50,0.0853,0.10225,0.275,0.53745
51,0.08595,0.07905,0.26355,0.57145
52,0.0673,0.0771,0.2527,0.6029
53,0.0684,0.0584,0.23965,0.63355
54,0.05425,0.0576,0.2282,0.65995
55,0.05485,0.04305,0.216,0.6861
56,0.0463,0.04085,0.2019,0.71095
57,0.0482,0.03185,0.18625,0.7337
58,0.0416,0.032,0.1717,0.7547
59,0.0439,0.025,0.15625,0.77485
60,0.03975,0.02355,0.14445,0.79225
61,0.04235,0.0193,0.1297,0.80865
62,0.0396,0.01895,0.11935,0.8221
63,0.0419,0.014,0.109,0.8351
64,0.03955,0.0143,0.0979,0.84825
65,0.04215,0.0125,0.08615,0.8592
66,0.04165,0.01225,0.0781,0.868
67,0.0436,0.0101,0.0714,0.8749
68,0.0433,0.01035,0.064,0.88235
69,0.0465,0.00855,0.0579,0.88705
70,0.0471,0.0077,0.05295,0.89225
71,0.04955,0.00625,0.048,0.8962
72,0.05015,0.007,0.0429,0.89995
73,0.0529,0.00605,0.0378,0.90325
74,0.0548,0.00575,0.03455,0.9049
75,0.0577,0.005,0.03095,0.90635
76,0.05915,0.00505,0.0281,0.9077
77,0.0627,0.0041,0.02615,0.90705
78,0.0648,0.00385,0.0242,0.90715
79,0.068,0.00355,0.02215,0.9063
80,0.0699,0.00405,0.0202,0.90585
81,0.0727,0.00355,0.0181,0.90565
82,0.0741,0.00385,0.01625,0.9058
83,0.0772,0.0029,0.0153,0.9046
84,0.07945,0.0024,0.01435,0.9038
85,0.0826,0.0025,0.0133,0.9016
86,0.08425,0.0025,0.0116,0.90165
87,0.0875,0.00225,0.0108,0.89945
88,0.0892,0.0026,0.01,0.8982
89,0.09275,0.00235,0.00935,0.89555
90,0.09465,0.0027,0.0082,0.89445
91,0.09785,0.00265,0.0078,0.8917
92,0.09945,0.00275,0.00755,0.89025
93,0.10275,0.00255,0.0068,0.8879
94,0.10505,0.0022,0.00615,0.8866
95,0.1084,0.00195,0.0056,0.88405
96,0.1102,0.00205,0.00515,0.8826
97,0.1132,0.0019,0.0051,0.8798
98,0.11585,0.00145,0.0051,0.8776
99,0.1196,0.0014,0.0047,0.8743
100,0.1217,0.0015,0.0043,0.8725
101,0.125,0.0014,0.0038,0.8698
102,0.1273,0.00125,0.00355,0.8679
103,0.12955,0.0011,0.00325,0.8661
104,0.13175,8e-04,0.0034,0.86405
105,0.1345,9e-04,0.0029,0.8617
106,0.1365,9e-04,0.0028,0.8598
107,0.1397,0.00085,0.00275,0.8567
108,0.1418,0.00105,0.0023,0.85485
109,0.1446,9e-04,0.00235,0.85215
110,0.1477,0.00065,0.0021,0.84955
111,0.1516,7e-04,0.002,0.8457
112,0.1535,0.00085,0.0018,0.84385
113,0.1564,0.00065,0.00185,0.8411
114,0.1581,9e-04,0.0015,0.8395
115,0.16025,8e-04,0.00145,0.8375
116,0.16285,0.00055,0.0016,0.835
117,0.1659,0.00045,0.00155,0.8321
118,0.1684,5e-04,0.00155,0.82955
119,0.17125,0.00035,0.0016,0.8268
120,0.17315,0.00045,0.00145,0.82495
121,0.175,0.00045,0.00125,0.8233
122,0.17755,5e-04,0.0011,0.82085
123,0.181,0.00035,0.0012,0.81745
124,0.1824,0.00035,0.0011,0.81615
125,0.1855,2e-04,0.00115,0.81315
126,0.18715,0.00045,0.001,0.8114
127,0.19005,0.00045,0.00095,0.80855
128,0.1917,5e-04,9e-04,0.8069
129,0.1945,0.00055,7e-04,0.80425
130,0.19605,6e-04,7e-04,0.80265
131,0.1981,6e-04,7e-04,0.8006
132,0.20085,5e-04,8e-04,0.79785
133,0.2041,0.00045,8e-04,0.79465
134,0.2063,0.00035,9e-04,0.79245
135,0.20885,0.00025,9e-04,0.79
136,0.21085,0.00035,0.00075,0.78805
137,0.21305,0.00025,8e-04,0.7859
138,0.2155,3e-04,0.00075,0.78345
139,0.2178,0.00025,0.00075,0.7812
140,0.2202,0.00035,0.00065,0.7788
141,0.22245,5e-04,6e-04,0.77645
142,0.22435,5e-04,0.00055,0.7746
143,0.2269,0.00045,5e-04,0.77215
144,0.2294,0.00035,0.00055,0.7697
145,0.23145,0.00035,6e-04,0.7676
146,0.2331,0.00035,0.00055,0.766
147,0.2359,0.00045,0.00055,0.7631
148,0.23785,4e-04,0.00055,0.7612
149,0.2405,4e-04,5e-04,0.7586
150,0.242,0.00045,0.00055,0.757
151,0.2445,4e-04,4e-04,0.7547
152,0.24645,0.00045,5e-04,0.7526
153,0.24905,0.00035,0.00055,0.75005
154,0.251,0.00035,6e-04,0.74805
155,0.253,0.00025,0.00065,0.7461
156,0.25545,0.00025,0.00065,0.74365
157,0.2577,0.00025,0.00075,0.7413
158,0.25995,5e-04,6e-04,0.73895
159,0.26145,5e-04,0.00055,0.7375
160,0.26375,0.00055,5e-04,0.7352
161,0.26625,4e-04,0.00055,0.7328
162,0.2684,4e-04,0.00065,0.73055
163,0.2705,4e-04,0.00065,0.72845
164,0.27285,0.00045,0.00055,0.72615
165,0.27465,4e-04,0.00055,0.7244
166,0.27655,0.00045,0.00055,0.72245
167,0.27855,0.00035,0.00055,0.72055
168,0.28035,3e-04,0.00055,0.7188
169,0.2822,0.00035,5e-04,0.71695
170,0.2846,4e-04,0.00045,0.71455
171,0.28645,3e-04,4e-04,0.71285
172,0.289,3e-04,5e-04,0.7102
173,0.2911,3e-04,0.00055,0.70805
174,0.29335,0.00035,0.00035,0.70595
175,0.29475,2e-04,4e-04,0.70465
176,0.2964,0.00025,4e-04,0.70295
177,0.29785,0.00025,0.00045,0.70145
178,0.29935,4e-04,0.00045,0.6998
179,0.30155,0.00035,5e-04,0.6976
180,0.304,0.00025,5e-04,0.69525
181,0.306,0.00015,6e-04,0.69325
182,0.30775,0.00015,6e-04,0.6915
183,0.30895,0.00055,0.00055,0.68995
184,0.3112,5e-04,6e-04,0.6877
185,0.31315,0.00035,0.00075,0.68575
186,0.315,0.00045,7e-04,0.68385
187,0.3168,0.00055,0.00065,0.682
188,0.31835,0.00055,7e-04,0.6804
189,0.3203,6e-04,0.00065,0.67845
190,0.3219,7e-04,0.00065,0.67675
191,0.3242,0.00065,0.00065,0.6745
192,0.3257,7e-04,7e-04,0.6729
193,0.32775,0.00055,9e-04,0.6708
194,0.32935,5e-04,8e-04,0.66935
195,0.33095,0.00065,8e-04,0.6676
196,0.3325,0.00045,0.00115,0.6659
197,0.33405,5e-04,0.00115,0.6643
198,0.33535,0.00055,0.0013,0.6628
199,0.337,7e-04,0.0012,0.6611
200,0.33835,0.00075,0.00135,0.65955
201,0.34,9e-04,0.00135,0.65775
202,0.34185,0.00105,0.0015,0.6556
203,0.3432,0.00125,0.00145,0.6541
204,0.3445,0.00135,0.0017,0.65245
205,0.3462,0.0011,0.00195,0.65075
206,0.34705,0.0015,0.0019,0.64955
207,0.3493,0.00155,0.0018,0.64735
208,0.3505,0.0017,0.0022,0.6456
209,0.35265,0.0016,0.00235,0.6434
210,0.3537,0.0011,0.00285,0.64235
211,0.3555,0.00115,0.003,0.64035
212,0.35705,0.0016,0.00265,0.6387
213,0.3581,0.0021,0.0026,0.6372
214,0.3595,0.00215,0.0027,0.63565
215,0.3607,0.0019,0.0029,0.6345
216,0.362,0.00185,0.00315,0.633
217,0.3635,0.00225,0.00325,0.631
218,0.36445,0.0022,0.0036,0.62975
219,0.36535,0.00245,0.00365,0.62855
220,0.366,0.0029,0.0039,0.6272
221,0.36685,0.0027,0.0042,0.62625
222,0.3675,0.0032,0.00435,0.62495
223,0.36865,0.00335,0.00445,0.62355
224,0.3697,0.00305,0.0047,0.62255
225,0.37065,0.00305,0.00495,0.62135
226,0.3711,0.00325,0.0051,0.62055
227,0.3716,0.00345,0.0054,0.61955
228,0.3726,0.0038,0.00545,0.61815
229,0.37335,0.0036,0.0057,0.61735
230,0.37405,0.00375,0.00585,0.61635
231,0.37325,0.00445,0.0056,0.6167
232,0.37365,0.0045,0.0062,0.61565
233,0.3751,0.00415,0.00665,0.6141
234,0.37555,0.0043,0.00685,0.6133
235,0.37675,0.0044,0.0073,0.61155
236,0.3771,0.0051,0.00715,0.61065
237,0.37785,0.00495,0.0076,0.6096
238,0.3771,0.0058,0.00795,0.60915
239,0.3775,0.0063,0.0083,0.6079
240,0.37725,0.00675,0.0085,0.6075
241,0.3774,0.00635,0.00935,0.6069
242,0.3775,0.0064,0.01,0.6061
243,0.37785,0.006,0.01075,0.6054
244,0.37595,0.0076,0.0107,0.60575
245,0.37665,0.00715,0.0111,0.6051
246,0.3767,0.0067,0.0114,0.6052
247,0.3769,0.0071,0.01205,0.60395
248,0.3757,0.008,0.01265,0.60365
249,0.3754,0.0089,0.0121,0.6036
250,0.3739,0.0093,0.0129,0.6039
251,0.3725,0.0096,0.01465,0.60325
252,0.3698,0.01165,0.01505,0.6035
253,0.36945,0.012,0.01585,0.6027
254,0.3682,0.01215,0.01655,0.6031
255,0.3669,0.012,0.01745,0.60365
256,0.3657,0.01195,0.01835,0.604
257,0.3644,0.01235,0.0189,0.60435
258,0.36145,0.0134,0.02035,0.6048
259,0.36,0.01365,0.02165,0.6047
260,0.35685,0.0149,0.0231,0.60515
261,0.35545,0.01415,0.02465,0.60575
262,0.3519,0.01625,0.02495,0.6069
263,0.3502,0.01625,0.02555,0.608
264,0.3465,0.01685,0.02675,0.6099
265,0.3441,0.0173,0.02715,0.61145
266,0.3404,0.01775,0.029,0.61285
267,0.3375,0.0179,0.0297,0.6149
268,0.3336,0.0182,0.0318,0.6164
269,0.33115,0.0188,0.0317,0.61835
270,0.32585,0.0215,0.0318,0.62085
271,0.32375,0.02155,0.03205,0.62265
272,0.3192,0.02235,0.0336,0.62485
273,0.31645,0.0207,0.0353,0.62755
274,0.31165,0.0213,0.03745,0.6296
275,0.3088,0.02205,0.0382,0.63095
276,0.30305,0.02425,0.03855,0.63415
277,0.29885,0.0258,0.0396,0.63575
278,0.29375,0.02655,0.0403,0.6394
279,0.29135,0.02485,0.0418,0.642
280,0.28635,0.02535,0.04215,0.64615
281,0.28325,0.02455,0.0438,0.6484
282,0.2777,0.02435,0.0452,0.65275
283,0.27445,0.02425,0.04595,0.65535
284,0.26895,0.02595,0.04625,0.65885
285,0.266,0.0259,0.04705,0.66105
286,0.2599,0.02735,0.04765,0.6651
287,0.25755,0.02615,0.0484,0.6679
288,0.2514,0.02815,0.049,0.67145
289,0.24835,0.0273,0.05055,0.6738
290,0.24195,0.02865,0.0509,0.6785
291,0.2397,0.02725,0.04975,0.6833
292,0.2338,0.0279,0.0508,0.6875
293,0.2317,0.0278,0.05,0.6905
294,0.227,0.02665,0.05155,0.6948
295,0.22565,0.02555,0.05145,0.69735
296,0.21915,0.0274,0.05115,0.7023
297,0.2162,0.0282,0.0499,0.7057
298,0.21195,0.02745,0.05095,0.70965
299,0.2105,0.02515,0.05225,0.7121
300,0.20535,0.025,0.0529,0.71675
301,0.20495,0.0237,0.0529,0.71845
302,0.1998,0.02465,0.05295,0.7226
303,0.1986,0.02415,0.05105,0.7262
304,0.1944,0.02395,0.0517,0.72995
305,0.1953,0.02165,0.05125,0.7318
306,0.19135,0.02215,0.05,0.7365
307,0.19175,0.02085,0.0489,0.7385
308,0.18805,0.02135,0.0467,0.7439
309,0.188,0.01985,0.04685,0.7453
310,0.1842,0.0203,0.04515,0.75035
311,0.1854,0.01885,0.04385,0.7519
312,0.18155,0.0192,0.04415,0.7551
313,0.1824,0.01765,0.0441,0.75585
314,0.1782,0.01905,0.04215,0.7606
315,0.1797,0.0183,0.0414,0.7606
316,0.1767,0.0181,0.04195,0.76325
317,0.1783,0.01735,0.04005,0.7643
318,0.17635,0.0165,0.04035,0.7668
319,0.17875,0.01535,0.0395,0.7664
320,0.176,0.0154,0.03815,0.77045
321,0.17815,0.01415,0.03755,0.77015
322,0.17605,0.01465,0.0367,0.7726
323,0.17915,0.0131,0.03585,0.7719
324,0.17635,0.01385,0.03495,0.77485
325,0.17975,0.0123,0.0331,0.77485
326,0.17735,0.01405,0.0318,0.7768
327,0.18085,0.013,0.03165,0.7745
328,0.1782,0.01395,0.0305,0.77735
329,0.18,0.0136,0.02955,0.77685
330,0.1783,0.0141,0.0291,0.7785
331,0.18185,0.01215,0.0292,0.7768
332,0.17955,0.01265,0.02795,0.77985
333,0.183,0.0115,0.0272,0.7783
334,0.1811,0.01225,0.02675,0.7799
335,0.18465,0.0109,0.02625,0.7782
336,0.1838,0.01145,0.02685,0.7779
337,0.1882,0.01085,0.02555,0.7754
338,0.1861,0.0114,0.02565,0.77685
339,0.1906,0.0104,0.02425,0.77475
340,0.1892,0.01155,0.02335,0.7759
341,0.19255,0.01025,0.02345,0.77375
342,0.1922,0.01015,0.02325,0.7744
343,0.1967,0.00875,0.0233,0.77125
344,0.1948,0.0101,0.02245,0.77265
345,0.1976,0.01,0.02215,0.77025
346,0.19535,0.0111,0.0222,0.77135
347,0.1999,0.0102,0.0221,0.7678
348,0.19895,0.0102,0.022,0.76885
349,0.204,0.00935,0.02185,0.7648
350,0.20245,0.0098,0.02195,0.7658
351,0.2069,0.0088,0.0221,0.7622
352,0.2051,0.0097,0.02185,0.76335
353,0.21005,0.00845,0.0216,0.7599
354,0.20815,0.01,0.01985,0.762
355,0.2134,0.0089,0.02005,0.75765
356,0.21195,0.00945,0.0195,0.7591
357,0.216,0.00865,0.01855,0.7568
358,0.2143,0.00945,0.0184,0.75785
359,0.21975,0.0085,0.01825,0.7535
360,0.2178,0.0098,0.01755,0.75485
361,0.22315,0.00845,0.0173,0.7511
362,0.22185,0.00895,0.0176,0.7516
363,0.227,0.0079,0.01745,0.74765
364,0.22585,0.00845,0.0178,0.7479
365,0.23065,0.00765,0.01715,0.74455
366,0.22975,0.00795,0.0171,0.7452
367,0.23425,0.00675,0.01745,0.74155
368,0.23275,0.0084,0.01725,0.7416
369,0.2371,0.00785,0.01705,0.738
370,0.2348,0.00945,0.01655,0.7392
371,0.23965,0.00825,0.01725,0.73485
372,0.23895,0.0094,0.0164,0.73525
373,0.24345,0.00845,0.01625,0.73185
374,0.2427,0.00925,0.01585,0.7322
375,0.2467,0.008,0.01655,0.72875
376,0.24535,0.00845,0.01675,0.72945
377,0.2502,0.00795,0.01635,0.7255
378,0.24895,0.0091,0.01655,0.7254
379,0.2533,0.0088,0.0164,0.7215
380,0.2511,0.0101,0.01695,0.72185
381,0.25605,0.0078,0.0176,0.71855
382,0.25525,0.00855,0.01665,0.71955
383,0.25965,0.0082,0.01655,0.7156
384,0.258,0.00885,0.01685,0.7163
385,0.26315,0.00775,0.01685,0.71225
386,0.26105,0.0095,0.01655,0.7129
387,0.26545,0.00895,0.01665,0.70895
388,0.2644,0.0094,0.01765,0.70855
389,0.26975,0.0084,0.0177,0.70415
390,0.26695,0.01005,0.0174,0.7056
391,0.27115,0.0094,0.0168,0.70265
392,0.2684,0.01115,0.0167,0.70375
393,0.27275,0.0098,0.0176,0.69985
394,0.27045,0.0111,0.01815,0.7003
395,0.27415,0.0095,0.0185,0.69785
396,0.27255,0.0106,0.01905,0.6978
397,0.2758,0.00975,0.01925,0.6952
398,0.2737,0.01145,0.01965,0.6952
399,0.278,0.0108,0.0191,0.6921
400,0.27555,0.0123,0.0193,0.69285
401,0.28005,0.0116,0.01935,0.689
402,0.27725,0.01265,0.02045,0.68965
403,0.28105,0.01115,0.02055,0.68725
404,0.2785,0.0127,0.02035,0.68845
405,0.2827,0.01155,0.0209,0.68485
406,0.2799,0.01315,0.0212,0.68575
407,0.28355,0.0119,0.02235,0.6822
408,0.28035,0.01325,0.0228,0.6836
409,0.2834,0.012,0.02315,0.68145
410,0.27985,0.01295,0.02405,0.68315
411,0.2847,0.0109,0.0256,0.6788
412,0.2812,0.01355,0.0252,0.68005
413,0.28475,0.01275,0.0249,0.6776
414,0.2812,0.0153,0.02475,0.67875
415,0.2852,0.0149,0.0246,0.6753
416,0.28215,0.0158,0.02575,0.6763
417,0.28575,0.0142,0.0262,0.67385
418,0.282,0.0152,0.02725,0.67555
419,0.28525,0.01375,0.02695,0.67405
420,0.28175,0.01645,0.02635,0.67545
421,0.2852,0.01475,0.027,0.67305
422,0.2799,0.01825,0.0271,0.67475
423,0.28455,0.0155,0.0286,0.67135
424,0.2786,0.01915,0.02875,0.6735
425,0.2819,0.01715,0.0287,0.67225
426,0.2765,0.01955,0.03085,0.6731
427,0.2803,0.01675,0.03125,0.6717
428,0.27495,0.0193,0.0319,0.67385
429,0.2791,0.0173,0.0324,0.6712
430,0.273,0.02,0.0324,0.6746
431,0.27695,0.01765,0.0335,0.6719
432,0.2716,0.0203,0.035,0.6731
433,0.2748,0.01705,0.035,0.67315
434,0.26845,0.02055,0.03525,0.67575
435,0.2721,0.0178,0.03535,0.67475
436,0.2665,0.0209,0.0356,0.677
437,0.2709,0.018,0.0354,0.6757
438,0.26525,0.0203,0.03515,0.6793
439,0.2691,0.01715,0.03585,0.6779
440,0.26305,0.0203,0.03645,0.6802
441,0.26575,0.01815,0.0371,0.679
442,0.25915,0.02145,0.03765,0.68175
443,0.2633,0.0198,0.03775,0.67915
444,0.25655,0.02305,0.0381,0.6823
445,0.2597,0.02005,0.03955,0.6807
446,0.2518,0.02465,0.0392,0.68435
447,0.25595,0.022,0.04025,0.6818
448,0.24965,0.02325,0.04315,0.68395
449,0.2522,0.0207,0.04365,0.68345
450,0.2437,0.0248,0.04375,0.68775
451,0.2464,0.022,0.04315,0.68845
452,0.23995,0.0238,0.04405,0.6922
453,0.2433,0.02105,0.04455,0.6911
454,0.2366,0.02445,0.0449,0.69405
455,0.2404,0.0209,0.0447,0.694
456,0.23335,0.0242,0.04485,0.6976
457,0.2367,0.02175,0.0441,0.69745
458,0.2294,0.0257,0.0443,0.7006
459,0.2326,0.02165,0.04455,0.7012
460,0.22685,0.02215,0.046,0.705
461,0.2292,0.02025,0.0457,0.70485
462,0.2216,0.02485,0.04465,0.7089
463,0.2248,0.0233,0.0447,0.7072
464,0.21945,0.02525,0.0446,0.7107
465,0.2229,0.0216,0.04565,0.70985
466,0.2174,0.02285,0.0457,0.71405
467,0.2208,0.0207,0.045,0.7135
468,0.2153,0.02255,0.0457,0.71645
469,0.21815,0.02035,0.04475,0.71675
470,0.21345,0.0218,0.04425,0.7205
471,0.2167,0.01995,0.0431,0.72025
472,0.21125,0.0222,0.04295,0.7236
473,0.2161,0.01845,0.04405,0.7214
474,0.2114,0.01985,0.0434,0.72535
475,0.21485,0.01755,0.0433,0.7243
476,0.20775,0.0218,0.0429,0.72755
477,0.2123,0.0187,0.04205,0.72695
478,0.20705,0.02205,0.0416,0.7293
479,0.21105,0.0197,0.0416,0.72765
480,0.20595,0.02265,0.042,0.7294
481,0.2106,0.01905,0.04235,0.728
482,0.20665,0.0204,0.04155,0.7314
483,0.2102,0.0179,0.0416,0.7303
484,0.2056,0.0191,0.0416,0.7337
485,0.2097,0.01785,0.04,0.73245
486,0.20485,0.01985,0.0398,0.7355
487,0.2086,0.01735,0.0397,0.73435
488,0.20565,0.01715,0.0406,0.7366
489,0.20945,0.01565,0.03895,0.73595
490,0.20505,0.0175,0.03935,0.7381
491,0.209,0.0154,0.0389,0.7367
492,0.20385,0.0184,0.03825,0.7395
493,0.20735,0.0164,0.0376,0.73865
494,0.20345,0.01825,0.03675,0.74155
495,0.20835,0.0156,0.0361,0.73995
496,0.20515,0.0173,0.0361,0.74145
497,0.20985,0.0153,0.0349,0.73995
498,0.20545,0.01685,0.0349,0.7428
499,0.21105,0.014,0.0351,0.73985
500,0.2063,0.0171,0.0348,0.7418
501,0.21165,0.0144,0.03535,0.7386
502,0.2071,0.0173,0.03515,0.74045
503,0.2119,0.01475,0.034,0.73935
504,0.20805,0.01655,0.03325,0.74215
505,0.21365,0.01475,0.03295,0.73865
506,0.21025,0.0163,0.03325,0.7402
507,0.21565,0.014,0.0338,0.73655
508,0.21255,0.0153,0.03275,0.7394
509,0.2177,0.0139,0.03165,0.73675
510,0.2142,0.0163,0.03155,0.73795
511,0.2189,0.01445,0.03155,0.7351
512,0.2154,0.0164,0.03135,0.73685
513,0.22065,0.0144,0.0309,0.73405
514,0.21695,0.0162,0.03195,0.7349
515,0.22035,0.01515,0.0314,0.7331
516,0.2167,0.01645,0.03135,0.7355
517,0.22105,0.0144,0.0303,0.73425
518,0.218,0.0162,0.03035,0.73545
519,0.22305,0.0146,0.02995,0.7324
520,0.21955,0.0169,0.03025,0.7333
521,0.22445,0.01385,0.03075,0.73095
522,0.2213,0.01475,0.0305,0.73345
523,0.225,0.01415,0.0295,0.73135
524,0.2217,0.0166,0.02925,0.73245
525,0.22555,0.0149,0.02955,0.73
526,0.22175,0.01795,0.02985,0.73045
527,0.2249,0.0157,0.03045,0.72895
528,0.2216,0.01765,0.03045,0.7303
529,0.2274,0.01565,0.03015,0.7268
530,0.22465,0.01655,0.0309,0.7279
531,0.229,0.0145,0.0308,0.7257
532,0.227,0.01525,0.0302,0.72755
533,0.232,0.0133,0.03015,0.72455
534,0.2297,0.01465,0.02925,0.7264
535,0.23325,0.0136,0.02885,0.7243
536,0.2308,0.01415,0.02825,0.7268
537,0.23535,0.0126,0.02855,0.7235
538,0.2325,0.0151,0.0276,0.7248
539,0.2355,0.0138,0.0279,0.7228
540,0.23265,0.01495,0.02845,0.72395
541,0.2357,0.01275,0.02835,0.7232
542,0.2325,0.0152,0.02715,0.72515
543,0.2359,0.0142,0.0263,0.7236
544,0.2326,0.01585,0.02625,0.7253
545,0.23695,0.01385,0.02695,0.72225
546,0.23455,0.01575,0.02625,0.72345
547,0.23895,0.0135,0.02775,0.7198
548,0.23535,0.0149,0.02835,0.7214
549,0.24,0.01255,0.0292,0.71825
550,0.23675,0.0154,0.02875,0.7191
551,0.2407,0.0139,0.0288,0.7166
552,0.23775,0.01605,0.02785,0.71835
553,0.24165,0.01345,0.0294,0.7155
554,0.23895,0.0149,0.02955,0.7166
555,0.2429,0.01345,0.02945,0.7142
556,0.2409,0.0144,0.02915,0.71555
557,0.2446,0.01315,0.02885,0.7134
558,0.24175,0.0161,0.02765,0.7145
559,0.24425,0.0148,0.0275,0.71345
560,0.24045,0.017,0.02765,0.7149
561,0.2455,0.0145,0.02915,0.71085
562,0.2425,0.01575,0.0299,0.71185
563,0.2474,0.0142,0.03,0.7084
564,0.24405,0.01595,0.0299,0.7101
565,0.24855,0.0138,0.0315,0.70615
566,0.24545,0.0158,0.0309,0.70785
567,0.2486,0.0148,0.03095,0.70565
568,0.24665,0.0158,0.03045,0.7071
569,0.2496,0.01425,0.03095,0.7052
570,0.2463,0.0163,0.03035,0.70705
571,0.25085,0.01475,0.03,0.7044
572,0.2479,0.0153,0.03025,0.70655
573,0.252,0.01405,0.03025,0.7037
574,0.24905,0.01515,0.0311,0.7047
575,0.2528,0.0136,0.03065,0.70295
576,0.2487,0.016,0.0296,0.7057
577,0.25245,0.0132,0.03015,0.7042
578,0.24915,0.0154,0.03025,0.7052
579,0.252,0.015,0.0289,0.7041
580,0.2499,0.0162,0.02925,0.70465
581,0.2541,0.0147,0.02925,0.70195
582,0.24995,0.01705,0.0294,0.7036
583,0.25315,0.0161,0.02815,0.7026
584,0.24955,0.01875,0.0279,0.7038
585,0.25325,0.0161,0.0288,0.70185
586,0.24945,0.0171,0.03045,0.703
587,0.25355,0.01505,0.0312,0.7002
588,0.25105,0.0169,0.0308,0.70125
589,0.2543,0.0147,0.03155,0.69945
590,0.25055,0.01795,0.03105,0.70045
591,0.2537,0.01635,0.0305,0.69945
592,0.2499,0.01855,0.03065,0.7009
593,0.2525,0.0187,0.02985,0.69895
594,0.25,0.0183,0.0318,0.6999
595,0.2542,0.0155,0.0331,0.6972
596,0.25045,0.0168,0.03355,0.6992
597,0.25265,0.0153,0.0337,0.69835
598,0.2481,0.0182,0.0335,0.7002
599,0.2511,0.01675,0.033,0.69915
600,0.2474,0.01805,0.033,0.70155
601,0.2494,0.017,0.0333,0.7003
602,0.2452,0.0195,0.0339,0.7014
603,0.24845,0.01785,0.03385,0.69985
604,0.24415,0.02035,0.03385,0.70165
605,0.24735,0.01835,0.03415,0.70015
606,0.24145,0.02065,0.0356,0.7023
607,0.24415,0.01915,0.03575,0.70095
608,0.23905,0.02125,0.03635,0.70335
609,0.24195,0.0189,0.0369,0.70225
610,0.23825,0.0207,0.0378,0.70325
611,0.2406,0.01855,0.0376,0.70325
612,0.23575,0.02115,0.03815,0.70495
613,0.23915,0.0187,0.03945,0.7027
614,0.23415,0.02105,0.04005,0.70475
615,0.2374,0.0177,0.04105,0.70385
616,0.2319,0.02055,0.04115,0.7064
617,0.2349,0.01835,0.0401,0.70665
618,0.22815,0.0221,0.0399,0.70985
619,0.23145,0.01915,0.0411,0.7083
620,0.2256,0.0215,0.0417,0.7112
621,0.22825,0.0192,0.0414,0.71115
622,0.2228,0.0224,0.0397,0.7151
623,0.22555,0.0204,0.04,0.71405
624,0.22125,0.0218,0.0398,0.71715
625,0.22375,0.0192,0.041,0.71605
626,0.21835,0.02245,0.04035,0.71885
627,0.22145,0.01955,0.0409,0.7181
628,0.2172,0.0192,0.0429,0.7207
629,0.2202,0.018,0.04225,0.71955
630,0.2157,0.0204,0.04065,0.72325
631,0.21885,0.0189,0.03995,0.7223
632,0.2142,0.021,0.0394,0.7254
633,0.21675,0.0188,0.04015,0.7243
634,0.2115,0.0203,0.0408,0.7274
635,0.21325,0.01785,0.04075,0.72815
636,0.20915,0.01925,0.0405,0.7311
637,0.2126,0.0173,0.04005,0.73005
638,0.20775,0.01985,0.03935,0.73305
639,0.21095,0.01775,0.03915,0.73215
640,0.20665,0.0195,0.0402,0.73365
641,0.2105,0.0168,0.0396,0.7331
642,0.20565,0.01845,0.0402,0.7357
643,0.2093,0.01645,0.03965,0.7346
644,0.20535,0.01845,0.03925,0.73695
645,0.20985,0.0165,0.03815,0.7355
646,0.20625,0.0178,0.03795,0.738
647,0.20875,0.01615,0.0372,0.7379
648,0.2044,0.0182,0.03665,0.74075
649,0.2081,0.01605,0.0362,0.73965
650,0.2053,0.0171,0.03605,0.74155
651,0.2094,0.0153,0.0353,0.74
652,0.2063,0.0167,0.03515,0.74185
653,0.2104,0.01495,0.0349,0.73975
654,0.20705,0.0167,0.03425,0.742
655,0.2115,0.01555,0.0329,0.74005
656,0.20835,0.0165,0.0335,0.74165
657,0.2133,0.0152,0.03255,0.73895
658,0.21005,0.0172,0.0326,0.74015
659,0.213,0.0158,0.03265,0.73855
660,0.2092,0.0181,0.0323,0.7404
661,0.21375,0.0155,0.0327,0.73805
662,0.21045,0.0169,0.0327,0.73995
663,0.21535,0.0142,0.03285,0.7376
664,0.21245,0.01585,0.033,0.7387
665,0.21725,0.0142,0.03215,0.7364
666,0.2141,0.0158,0.0321,0.738
667,0.21755,0.0143,0.03145,0.7367
668,0.21405,0.01585,0.03105,0.73905
669,0.21815,0.01445,0.03085,0.73655
670,0.2157,0.0156,0.03045,0.73825
671,0.22035,0.01315,0.03085,0.73565
672,0.21735,0.01575,0.02975,0.73715
673,0.22135,0.0136,0.03025,0.7348
674,0.21945,0.01475,0.0299,0.7359
675,0.2236,0.013,0.02925,0.73415
676,0.2209,0.01425,0.02925,0.7356
677,0.22495,0.0127,0.02905,0.7333
678,0.22155,0.0149,0.0281,0.73545
679,0.2255,0.0128,0.0284,0.7333
680,0.22305,0.0144,0.02805,0.7345
681,0.22785,0.0123,0.0278,0.73205
682,0.22455,0.0152,0.02795,0.7323
683,0.22875,0.01365,0.02775,0.72985
684,0.2263,0.0143,0.02785,0.73155
685,0.2293,0.0129,0.02785,0.72995
686,0.22705,0.01305,0.028,0.7319
687,0.23155,0.01255,0.02685,0.72905
688,0.2285,0.01455,0.02635,0.7306
689,0.2315,0.01285,0.0267,0.72895
690,0.2283,0.01415,0.02705,0.7305
691,0.2321,0.0129,0.02685,0.72815
692,0.22905,0.0143,0.0273,0.72935
693,0.2342,0.01235,0.0273,0.72615
694,0.2318,0.01405,0.027,0.72715
695,0.23635,0.0122,0.0262,0.72525
696,0.2335,0.01375,0.02675,0.726
697,0.23695,0.013,0.02615,0.7239
698,0.2333,0.0147,0.0257,0.7263
699,0.23705,0.01305,0.0259,0.724
700,0.23415,0.01405,0.02685,0.72495
701,0.23815,0.013,0.0266,0.72225
702,0.2347,0.01445,0.02705,0.7238
703,0.2391,0.0129,0.02775,0.72025
704,0.2352,0.0149,0.0278,0.7221
705,0.24,0.0136,0.02805,0.71835
706,0.2368,0.01545,0.02745,0.7203
707,0.24035,0.0139,0.0269,0.71885
708,0.23675,0.01605,0.02685,0.72035
709,0.241,0.0139,0.02735,0.71775
710,0.2369,0.01585,0.02705,0.7202
711,0.2417,0.0139,0.02745,0.71695
712,0.23815,0.01595,0.0273,0.7186
713,0.2419,0.01405,0.02745,0.7166
714,0.23915,0.0151,0.0278,0.71795
715,0.2438,0.01285,0.02875,0.7146
716,0.24115,0.01345,0.0301,0.7153
717,0.24595,0.01175,0.0301,0.7122
718,0.24285,0.0142,0.02905,0.7139
719,0.24725,0.01275,0.0287,0.7113
720,0.24445,0.01395,0.02945,0.71215
721,0.24765,0.01325,0.02875,0.71035
722,0.2434,0.016,0.0286,0.712
723,0.24645,0.01465,0.029,0.7099
724,0.2429,0.016,0.0295,0.7116
725,0.2467,0.01475,0.02925,0.7093
726,0.24315,0.01675,0.02965,0.71045
727,0.24755,0.0145,0.0296,0.70835
728,0.2441,0.0169,0.0295,0.7095
729,0.2482,0.01415,0.0305,0.70715
730,0.24375,0.01655,0.03075,0.70895
