"t","S","E","I","R"
0,0.999,0,0.001,0
1,0.999,0,0.001,0
2,0.999,0,0.001,0
3,1,0,0,0
4,0.9982,0.0018,0,0
5,0.9982,0.00155,0.00025,0
6,0.9973,0.00205,0.00065,0
7,0.9973,0.00165,0.00105,0
8,0.99575,0.0026,0.00155,1e-04
9,0.99575,0.002,0.00205,2e-04
10,0.99325,0.004,0.00235,4e-04
11,0.99325,0.003,0.0032,0.00055
12,0.99015,0.0051,0.00375,0.001
13,0.99015,0.004,0.0043,0.00155
14,0.9861,0.00725,0.0045,0.00215
15,0.9861,0.00545,0.00555,0.0029
16,0.97995,0.01035,0.00645,0.00325
17,0.97995,0.0081,0.0079,0.00405
18,0.97215,0.0142,0.00855,0.0051
19,0.97215,0.0109,0.0107,0.00625
20,0.9618,0.01755,0.0127,0.00795
21,0.9618,0.0141,0.015,0.0091
22,0.94635,0.02605,0.01635,0.01125
23,0.9464,0.02055,0.0202,0.01285
24,0.9274,0.0336,0.0237,0.0153
25,0.9275,0.02625,0.0281,0.01815
26,0.9023,0.04385,0.0328,0.02105
27,0.9024,0.03475,0.0387,0.02415
28,0.8687,0.059,0.04355,0.02875
29,0.86875,0.04755,0.05065,0.03305
30,0.8254,0.07735,0.05815,0.0391
31,0.82565,0.06225,0.06685,0.04525
32,0.76785,0.10175,0.07735,0.05305
33,0.76805,0.0797,0.09075,0.0615
34,0.69745,0.1284,0.10245,0.0717
35,0.6975,0.10085,0.11835,0.0833
36,0.6206,0.1488,0.1348,0.0958
37,0.6207,0.1175,0.15055,0.11125
38,0.53385,0.17135,0.1659,0.1289
39,0.5339,0.13465,0.18425,0.1472
40,0.4429,0.1867,0.201,0.1694
41,0.4433,0.1437,0.2198,0.1932
42,0.35615,0.19065,0.2356,0.2176
43,0.3563,0.14715,0.2498,0.24675
44,0.27265,0.1883,0.2599,0.27915
45,0.27285,0.1455,0.27065,0.311
46,0.20435,0.17105,0.2813,0.3433
47,0.20475,0.13305,0.2819,0.3803
48,0.1516,0.15185,0.28245,0.4141
49,0.15195,0.1152,0.28715,0.4457
50,0.111,0.12535,0.28135,0.4823
51,0.11145,0.09685,0.27415,0.51755
52,0.08475,0.09765,0.2692,0.5484
53,0.08615,0.07245,0.26025,0.58115
54,0.0653,0.07205,0.2503,0.61235
55,0.06605,0.0553,0.2356,0.64305
56,0.053,0.05485,0.22105,0.6711
57,0.0541,0.04215,0.20495,0.6988
58,0.04635,0.0398,0.19265,0.7212
59,0.0483,0.03075,0.1775,0.74345
60,0.04305,0.0289,0.1642,0.76385
61,0.0444,0.0231,0.15055,0.78195
62,0.04125,0.02265,0.13485,0.80125
63,0.04355,0.0186,0.1223,0.81555
64,0.04095,0.0181,0.11155,0.8294
65,0.04345,0.01415,0.10245,0.83995
66,0.0418,0.0134,0.0943,0.8505
67,0.04415,0.01055,0.08645,0.85885
68,0.0431,0.01085,0.07835,0.8677
69,0.0453,0.00935,0.0704,0.87495
70,0.04515,0.0093,0.0627,0.88285
71,0.04785,0.008,0.05725,0.8869
72,0.04785,0.00795,0.05245,0.89175
73,0.0502,0.00675,0.04815,0.8949
74,0.05095,0.0065,0.04275,0.8998
75,0.05375,0.0053,0.0394,0.90155
76,0.05455,0.0065,0.0355,0.90345
77,0.05775,0.00555,0.03225,0.90445
78,0.0592,0.00545,0.03035,0.905
79,0.0626,0.00445,0.0273,0.90565
80,0.0639,0.00445,0.024,0.90765
81,0.06715,0.00405,0.0214,0.9074
82,0.0683,0.00415,0.01905,0.9085
83,0.0722,0.0039,0.01715,0.90675
84,0.0743,0.0031,0.01605,0.90655
85,0.07795,0.0024,0.0151,0.90455
86,0.07915,0.0028,0.01345,0.9046
87,0.08205,0.00295,0.0117,0.9033
88,0.08475,0.00295,0.01095,0.90135
89,0.0884,0.00235,0.0102,0.89905
90,0.09075,0.00235,0.0092,0.8977
91,0.09465,0.00205,0.00855,0.89475
92,0.09685,0.00165,0.0078,0.8937
93,0.10055,0.00135,0.00755,0.89055
94,0.1025,0.00185,0.00655,0.8891
95,0.10645,0.0016,0.0058,0.88615
96,0.1088,0.0015,0.00555,0.88415
97,0.11235,0.0014,0.0051,0.88115
98,0.11405,0.00175,0.005,0.8792
99,0.1167,0.00155,0.00495,0.8768
100,0.119,0.00145,0.00455,0.875
101,0.12185,0.0014,0.00405,0.8727
102,0.1246,0.00145,0.00395,0.87
103,0.12835,0.00105,0.00415,0.86645
104,0.13135,0.00105,0.00355,0.86405
105,0.13505,0.00085,0.0034,0.8607
106,0.13715,0.00105,0.00335,0.85845
107,0.14035,8e-04,0.00325,0.8556
108,0.14225,0.00105,0.0026,0.8541
109,0.1458,0.00105,0.0024,0.85075
110,0.14775,8e-04,0.00245,0.849
111,0.15075,0.00075,0.00215,0.84635
112,0.15285,8e-04,0.0021,0.84425
113,0.15545,8e-04,0.00175,0.842
114,0.15775,5e-04,0.00195,0.8398
115,0.16115,0.00055,0.00175,0.83655
116,0.1633,0.00065,0.00165,0.8344
117,0.1661,6e-04,0.0015,0.8318
118,0.1681,4e-04,0.00145,0.83005
119,0.16995,0.00025,0.00145,0.82835
120,0.1716,0.00035,0.0013,0.82675
121,0.17405,0.00035,0.00135,0.82425
122,0.176,0.00045,0.00115,0.8224
123,0.1787,3e-04,0.0014,0.8196
124,0.1809,0.00025,0.00155,0.8173
125,0.183,2e-04,0.00145,0.81535
126,0.1849,0.00035,0.00145,0.8133
127,0.18745,4e-04,0.0013,0.81085
128,0.1898,5e-04,0.0012,0.8085
129,0.19255,5e-04,0.0013,0.80565
130,0.19485,4e-04,0.0013,0.80345
131,0.19705,0.00045,0.0014,0.8011
132,0.1991,0.00045,0.0014,0.79905
133,0.2013,6e-04,0.00135,0.79675
134,0.20325,0.00045,0.00135,0.79495
135,0.20545,0.00045,0.0012,0.7929
136,0.20715,0.00045,0.00105,0.79135
137,0.2101,3e-04,0.00115,0.78845
138,0.21155,4e-04,0.001,0.78705
139,0.21335,4e-04,0.00105,0.7852
140,0.21525,5e-04,0.00095,0.7833
141,0.2177,6e-04,0.00085,0.78085
142,0.2191,0.00065,9e-04,0.77935
143,0.2213,6e-04,0.00085,0.77725
144,0.2232,6e-04,9e-04,0.7753
145,0.22565,5e-04,0.00105,0.7728
146,0.2273,6e-04,0.00105,0.77105
147,0.22965,6e-04,0.001,0.76875
148,0.23145,4e-04,0.0012,0.76695
149,0.23395,3e-04,0.001,0.76475
150,0.2366,2e-04,0.001,0.7622
151,0.23905,0.00025,0.00085,0.75985
152,0.24055,0.00045,0.00075,0.75825
153,0.24235,0.00065,0.00075,0.75625
154,0.245,0.00055,0.00085,0.7536
155,0.2473,3e-04,0.0011,0.7513
156,0.24895,0.00035,0.0011,0.7496
157,0.25115,0.00035,0.00115,0.74735
158,0.25385,0.00035,0.0011,0.7447
159,0.25585,0.00055,0.001,0.7426
160,0.25755,0.00055,0.00105,0.74085
161,0.25945,0.00075,9e-04,0.7389
162,0.26085,8e-04,0.001,0.73735
163,0.2627,0.00065,0.00125,0.7354
164,0.2644,0.00075,0.00115,0.7337
165,0.2662,0.00085,0.0013,0.73165
166,0.26785,0.001,0.0014,0.72975
167,0.26995,0.00085,0.0016,0.7276
168,0.27175,9e-04,0.00165,0.7257
169,0.27335,0.00085,0.0017,0.7241
170,0.27525,0.00075,0.00165,0.72235
171,0.27655,0.00075,0.00155,0.72115
172,0.27885,6e-04,0.0016,0.71895
173,0.2805,0.00085,0.0014,0.71725
174,0.2822,0.00105,0.0013,0.71545
175,0.2836,9e-04,0.00145,0.71405
176,0.2854,0.00105,0.00135,0.7122
177,0.28745,0.00075,0.0015,0.7103
178,0.2891,0.00075,0.0015,0.70865
179,0.29065,7e-04,0.0015,0.70715
180,0.2924,0.00065,0.00135,0.7056
181,0.29465,7e-04,0.0014,0.70325
182,0.2964,8e-04,0.0013,0.7015
183,0.2977,9e-04,0.00125,0.70015
184,0.29885,9e-04,0.00135,0.6989
185,0.3005,0.00085,0.0015,0.69715
186,0.3021,0.00085,0.0016,0.69545
187,0.30415,0.00075,0.0017,0.6934
188,0.30495,0.00135,0.00165,0.69205
189,0.30675,0.0012,0.00155,0.6905
190,0.30785,0.0013,0.0018,0.68905
191,0.3097,0.00105,0.002,0.68725
192,0.31145,0.00095,0.0024,0.6852
193,0.313,0.00105,0.0023,0.68365
194,0.31405,0.00145,0.00215,0.68235
195,0.31575,0.0011,0.00245,0.6807
196,0.31775,0.00125,0.00205,0.67895
197,0.31915,0.00145,0.0022,0.6772
198,0.3205,0.0014,0.00235,0.67575
199,0.3226,0.0013,0.00255,0.67355
200,0.32405,0.0014,0.00235,0.6722
201,0.3256,0.0015,0.0026,0.6703
202,0.3268,0.0015,0.00285,0.66885
203,0.3282,0.0014,0.00325,0.66715
204,0.3292,0.0017,0.00315,0.66595
205,0.3306,0.0019,0.00315,0.66435
206,0.3317,0.00185,0.00355,0.6629
207,0.33315,0.0017,0.0038,0.66135
208,0.3341,0.0023,0.00375,0.65985
209,0.33525,0.00225,0.00395,0.65855
210,0.336,0.00225,0.0041,0.65765
211,0.33785,0.0022,0.00455,0.6554
212,0.33885,0.00215,0.00485,0.65415
213,0.34025,0.00215,0.0049,0.6527
214,0.341,0.0026,0.00485,0.65155
215,0.3428,0.0027,0.0049,0.6496
216,0.34325,0.00325,0.00505,0.64845
217,0.34375,0.0032,0.00545,0.6476
218,0.3442,0.00365,0.0053,0.64685
219,0.3458,0.0036,0.0055,0.6451
220,0.3468,0.00325,0.00565,0.6443
221,0.3489,0.00335,0.00565,0.6421
222,0.3491,0.0037,0.0057,0.6415
223,0.3502,0.00385,0.0059,0.64005
224,0.3505,0.0037,0.00655,0.63925
225,0.35215,0.00355,0.00695,0.63735
226,0.35165,0.00485,0.00705,0.63645
227,0.353,0.00505,0.0071,0.63485
228,0.35355,0.0053,0.00735,0.6338
229,0.3548,0.00475,0.00755,0.6329
230,0.355,0.00495,0.00785,0.6322
231,0.3557,0.0052,0.00765,0.63145
232,0.35555,0.00535,0.0082,0.6309
233,0.35555,0.00605,0.00785,0.63055
234,0.35595,0.0065,0.0077,0.62985
235,0.35665,0.00615,0.00815,0.62905
236,0.35645,0.0065,0.00865,0.6284
237,0.35695,0.0064,0.0092,0.62745
238,0.35655,0.0065,0.0096,0.62735
239,0.3571,0.0066,0.0099,0.6264
240,0.35605,0.0071,0.0102,0.62665
241,0.3558,0.00785,0.0108,0.62555
242,0.35455,0.00805,0.012,0.6254
243,0.35515,0.0078,0.01235,0.6247
244,0.3547,0.0084,0.01215,0.62475
245,0.35495,0.00845,0.01235,0.62425
246,0.3534,0.0089,0.0135,0.6242
247,0.3529,0.0096,0.0137,0.6238
248,0.352,0.01015,0.01405,0.6238
249,0.35175,0.00985,0.01525,0.62315
250,0.3498,0.0111,0.01555,0.62355
251,0.3487,0.01115,0.01665,0.6235
252,0.34595,0.01305,0.0159,0.6251
253,0.3454,0.013,0.01695,0.62465
254,0.3433,0.01355,0.01805,0.6251
255,0.3431,0.0128,0.01955,0.62455
256,0.3409,0.01305,0.02095,0.6251
257,0.33995,0.01355,0.02155,0.62495
258,0.33725,0.0145,0.02265,0.6256
259,0.3361,0.0142,0.02325,0.62645
260,0.3328,0.01545,0.02395,0.6278
261,0.3316,0.016,0.02385,0.62855
262,0.3284,0.01685,0.02485,0.6299
263,0.326,0.01675,0.02615,0.6311
264,0.32185,0.01825,0.0275,0.6324
265,0.3208,0.01755,0.02825,0.6334
266,0.3168,0.0186,0.02895,0.63565
267,0.3151,0.01805,0.0295,0.63735
268,0.3118,0.01795,0.03105,0.6392
269,0.311,0.0172,0.0325,0.6393
270,0.30755,0.0187,0.0329,0.64085
271,0.30545,0.02,0.0327,0.64185
272,0.30005,0.02245,0.0331,0.6444
273,0.2981,0.0212,0.03525,0.64545
274,0.29305,0.02255,0.0364,0.648
275,0.2894,0.02335,0.0368,0.65045
276,0.28535,0.024,0.03805,0.6526
277,0.28365,0.022,0.0404,0.65395
278,0.27855,0.02365,0.0415,0.6563
279,0.27715,0.02245,0.0431,0.6573
280,0.2717,0.024,0.0434,0.6609
281,0.2689,0.0237,0.04385,0.66355
282,0.26245,0.025,0.04485,0.6677
283,0.2597,0.02535,0.0455,0.66945
284,0.2547,0.0271,0.04505,0.67315
285,0.25185,0.0257,0.04635,0.6761
286,0.24625,0.02625,0.0476,0.6799
287,0.2445,0.024,0.0478,0.6837
288,0.23815,0.0261,0.04795,0.6878
289,0.2376,0.0246,0.04775,0.69005
290,0.2333,0.02375,0.0488,0.69415
291,0.232,0.0231,0.0483,0.6966
292,0.22735,0.02395,0.0481,0.7006
293,0.2254,0.0235,0.0481,0.703
294,0.22055,0.02425,0.0479,0.7073
295,0.2194,0.02325,0.0475,0.70985
296,0.21435,0.02415,0.04795,0.71355
297,0.21395,0.0228,0.048,0.71525
298,0.20835,0.0239,0.04725,0.7205
299,0.20795,0.02165,0.0477,0.7227
300,0.20335,0.0223,0.0477,0.72665
301,0.2026,0.02155,0.04645,0.7294
302,0.19895,0.022,0.0464,0.73265
303,0.1984,0.02105,0.0463,0.73425
304,0.19395,0.0218,0.04655,0.7377
305,0.1948,0.0198,0.0467,0.7387
306,0.19115,0.02005,0.04605,0.74275
307,0.19155,0.01875,0.04545,0.74425
308,0.1873,0.01995,0.04355,0.7492
309,0.1896,0.01785,0.04345,0.7491
310,0.18615,0.01805,0.04275,0.75305
311,0.1886,0.01695,0.0408,0.75365
312,0.18495,0.01745,0.04065,0.75695
313,0.1868,0.01645,0.03845,0.7583
314,0.18305,0.0166,0.039,0.76135
315,0.1851,0.0164,0.03705,0.76145
316,0.183,0.0163,0.03605,0.76465
317,0.1847,0.0155,0.03485,0.76495
318,0.18215,0.01515,0.0347,0.768
319,0.1856,0.0129,0.0346,0.7669
320,0.18325,0.0146,0.03365,0.7685
321,0.18675,0.01345,0.03325,0.76655
322,0.1844,0.01435,0.0322,0.76905
323,0.18725,0.013,0.03205,0.7677
324,0.18545,0.0131,0.0321,0.76935
325,0.18835,0.0126,0.03095,0.7681
326,0.1858,0.01405,0.0304,0.76975
327,0.1887,0.01215,0.03055,0.7686
328,0.18565,0.01405,0.02975,0.77055
329,0.18915,0.0132,0.0288,0.76885
330,0.1874,0.01345,0.02885,0.7703
331,0.1907,0.01225,0.0281,0.76895
332,0.1889,0.01265,0.02735,0.7711
333,0.19255,0.0114,0.02625,0.7698
334,0.19065,0.0125,0.02605,0.7708
335,0.19455,0.0113,0.0253,0.76885
336,0.19205,0.01265,0.0252,0.7701
337,0.19565,0.0111,0.02545,0.7678
338,0.19435,0.0113,0.02545,0.7689
339,0.19805,0.0104,0.02475,0.7668
340,0.1971,0.0112,0.02425,0.76745
341,0.20005,0.01075,0.0243,0.7649
342,0.1985,0.01115,0.0238,0.76655
343,0.20345,0.0107,0.0233,0.76255
344,0.20165,0.0109,0.024,0.76345
345,0.20585,0.0103,0.02435,0.7595
346,0.20455,0.0109,0.02465,0.7599
347,0.2077,0.0109,0.02375,0.75765
348,0.20565,0.0122,0.0237,0.75845
349,0.2102,0.0108,0.0237,0.7553
350,0.20865,0.01055,0.02385,0.75695
351,0.21365,0.00975,0.0229,0.7537
352,0.21185,0.01035,0.02245,0.75535
353,0.2151,0.0098,0.02195,0.75315
354,0.2131,0.01025,0.02165,0.755
355,0.2172,0.0099,0.0206,0.7523
356,0.21595,0.0096,0.02065,0.7538
357,0.2201,0.0092,0.0196,0.7511
358,0.2188,0.0101,0.01945,0.75165
359,0.224,0.0085,0.0201,0.7474
360,0.2229,0.00915,0.01995,0.748
361,0.2276,0.00845,0.0197,0.74425
362,0.2268,0.00895,0.01985,0.7444
363,0.23105,0.0076,0.0199,0.74145
364,0.22855,0.0096,0.02015,0.7417
365,0.2331,0.00895,0.01875,0.7392
366,0.23075,0.01075,0.01895,0.73955
367,0.23475,0.0106,0.0189,0.73575
368,0.2338,0.01015,0.0193,0.73675
369,0.2379,0.00885,0.0199,0.73335
370,0.23675,0.00895,0.02005,0.73425
371,0.2413,0.00825,0.02005,0.7304
372,0.23875,0.00995,0.0195,0.7318
373,0.24425,0.00935,0.01865,0.72775
374,0.24205,0.01085,0.0188,0.7283
375,0.2469,0.0102,0.019,0.7239
376,0.24495,0.01155,0.0194,0.7241
377,0.2495,0.0102,0.0198,0.7205
378,0.24725,0.01115,0.0209,0.7207
379,0.2522,0.01005,0.02145,0.7163
380,0.25065,0.01125,0.022,0.7161
381,0.2549,0.01045,0.0213,0.71335
382,0.2524,0.01265,0.02095,0.714
383,0.2566,0.01185,0.0197,0.71185
384,0.2535,0.0135,0.0197,0.7133
385,0.25665,0.01175,0.02085,0.71075
386,0.25475,0.0121,0.02185,0.7113
387,0.25785,0.0113,0.02195,0.7089
388,0.2554,0.01265,0.02225,0.7097
389,0.25955,0.0107,0.02295,0.7068
390,0.255,0.01395,0.0222,0.70885
391,0.25965,0.0115,0.0236,0.70525
392,0.25595,0.01375,0.02375,0.70655
393,0.26025,0.01265,0.0241,0.703
394,0.25735,0.01335,0.0249,0.7044
395,0.2605,0.01225,0.02495,0.7023
396,0.25715,0.01455,0.02465,0.70365
397,0.2615,0.0131,0.0247,0.7007
398,0.2587,0.01355,0.0262,0.70155
399,0.26305,0.01145,0.02645,0.69905
400,0.26025,0.01285,0.02665,0.70025
401,0.2631,0.012,0.02605,0.69885
402,0.25935,0.0144,0.0264,0.69985
403,0.26205,0.01405,0.026,0.6979
404,0.258,0.016,0.02565,0.70035
405,0.26195,0.0145,0.0265,0.69705
406,0.2585,0.01545,0.02745,0.6986
407,0.26205,0.0143,0.02795,0.6957
408,0.25875,0.0161,0.02805,0.6971
409,0.2622,0.01465,0.0281,0.69505
410,0.2573,0.0173,0.02805,0.69735
411,0.2612,0.01645,0.02755,0.6948
412,0.25685,0.0182,0.02865,0.6963
413,0.2596,0.0158,0.0299,0.6947
414,0.2549,0.0175,0.0311,0.6965
415,0.25855,0.01545,0.0308,0.6952
416,0.25275,0.01965,0.03055,0.69705
417,0.2568,0.0173,0.03185,0.69405
418,0.2521,0.019,0.0324,0.6965
419,0.25595,0.0168,0.0331,0.69415
420,0.25115,0.01935,0.0331,0.6964
421,0.25455,0.01715,0.0337,0.6946
422,0.24985,0.01975,0.03365,0.69675
423,0.25255,0.01765,0.03405,0.69575
424,0.24835,0.0189,0.03465,0.6981
425,0.25185,0.016,0.03555,0.6966
426,0.2472,0.0186,0.03585,0.69835
427,0.251,0.0164,0.03635,0.69625
428,0.24435,0.02105,0.03545,0.69915
429,0.24685,0.01945,0.0347,0.699
430,0.24285,0.02015,0.0341,0.7029
431,0.247,0.0169,0.0357,0.7004
432,0.24185,0.0187,0.0356,0.70385
433,0.2451,0.01695,0.03605,0.7019
434,0.2401,0.01935,0.0357,0.70485
435,0.24375,0.01745,0.03675,0.70205
436,0.238,0.02105,0.0358,0.70515
437,0.24115,0.01895,0.036,0.7039
438,0.23795,0.0202,0.0356,0.70625
439,0.2417,0.01795,0.0359,0.70445
440,0.23805,0.0187,0.0365,0.70675
441,0.2413,0.0166,0.0361,0.706
442,0.23585,0.01985,0.03585,0.70845
443,0.2405,0.0169,0.036,0.7066
444,0.23505,0.0193,0.0361,0.70955
445,0.239,0.01705,0.03535,0.7086
446,0.2344,0.01815,0.03595,0.7115
447,0.23775,0.0159,0.03605,0.7103
448,0.2318,0.01945,0.0356,0.71315
449,0.23635,0.0176,0.0351,0.71095
450,0.23055,0.02045,0.0353,0.7137
451,0.2351,0.0176,0.03595,0.71135
452,0.2305,0.02025,0.03485,0.7144
453,0.2346,0.01735,0.0363,0.71175
454,0.22985,0.0194,0.0363,0.71445
455,0.23425,0.01685,0.03615,0.71275
456,0.2303,0.01805,0.03635,0.7153
457,0.23555,0.0158,0.03615,0.7125
458,0.23085,0.0186,0.035,0.71555
459,0.23535,0.0158,0.0355,0.71335
460,0.22935,0.01865,0.036,0.716
461,0.23385,0.0163,0.03595,0.7139
462,0.2292,0.019,0.0358,0.716
463,0.23415,0.01605,0.0363,0.7135
464,0.2294,0.0185,0.03515,0.71695
465,0.2343,0.0158,0.0361,0.7138
466,0.23035,0.01755,0.03555,0.71655
467,0.2346,0.01515,0.0356,0.71465
468,0.2306,0.01815,0.0353,0.71595
469,0.2341,0.0161,0.036,0.7138
470,0.22815,0.01985,0.0344,0.7176
471,0.2332,0.01735,0.0351,0.71435
472,0.2294,0.01875,0.0354,0.71645
473,0.2343,0.01505,0.03615,0.7145
474,0.2286,0.01925,0.0359,0.71625
475,0.2313,0.0184,0.03555,0.71475
476,0.226,0.0217,0.035,0.7173
477,0.2304,0.01875,0.03575,0.7151
478,0.2255,0.02045,0.0363,0.71775
479,0.2284,0.0187,0.03625,0.71665
480,0.22435,0.0196,0.037,0.71905
481,0.23015,0.0166,0.03655,0.7167
482,0.2249,0.01985,0.03555,0.7197
483,0.22885,0.01695,0.03645,0.71775
484,0.22455,0.01845,0.03715,0.71985
485,0.22835,0.01635,0.0371,0.7182
486,0.22345,0.0187,0.03755,0.7203
487,0.22695,0.01615,0.03765,0.71925
488,0.22175,0.01905,0.03805,0.72115
489,0.22535,0.01685,0.03815,0.71965
490,0.22215,0.0188,0.03825,0.7208
491,0.2264,0.0172,0.0378,0.7186
492,0.22165,0.0203,0.03725,0.7208
493,0.2258,0.01825,0.03715,0.7188
494,0.2209,0.02055,0.0382,0.72035
495,0.22425,0.0181,0.03795,0.7197
496,0.22,0.0194,0.03765,0.72295
497,0.22425,0.01685,0.03755,0.72135
498,0.22065,0.01815,0.0373,0.7239
499,0.2256,0.01665,0.03615,0.7216
500,0.22165,0.019,0.0352,0.72415
501,0.2263,0.016,0.03555,0.72215
502,0.22205,0.0183,0.0349,0.72475
503,0.22555,0.0158,0.03585,0.7228
504,0.22225,0.01785,0.03465,0.72525
505,0.2254,0.0168,0.03485,0.72295
506,0.22205,0.0176,0.0357,0.72465
507,0.226,0.01555,0.03565,0.7228
508,0.22225,0.0177,0.03515,0.7249
509,0.2265,0.0163,0.03445,0.72275
510,0.22205,0.01895,0.0347,0.7243
511,0.22675,0.0167,0.03375,0.7228
512,0.22305,0.01815,0.0342,0.7246
513,0.22705,0.0157,0.03525,0.722
514,0.2233,0.01695,0.036,0.72375
515,0.2284,0.015,0.03565,0.72095
516,0.22425,0.01845,0.03475,0.72255
517,0.2287,0.0167,0.03345,0.72115
518,0.2252,0.01855,0.03295,0.7233
519,0.22935,0.01715,0.03225,0.72125
520,0.22555,0.01925,0.0317,0.7235
521,0.2294,0.0159,0.03285,0.72185
522,0.2254,0.01725,0.03285,0.7245
523,0.22825,0.01535,0.0327,0.7237
524,0.22505,0.0174,0.0328,0.72475
525,0.22935,0.0159,0.033,0.72175
526,0.2261,0.01715,0.03375,0.723
527,0.23065,0.01525,0.03385,0.72025
528,0.22695,0.0175,0.0327,0.72285
529,0.23045,0.01585,0.03175,0.72195
530,0.2273,0.01755,0.03185,0.7233
531,0.2305,0.0155,0.03315,0.72085
532,0.2276,0.016,0.03335,0.72305
533,0.2315,0.0145,0.03305,0.72095
534,0.22815,0.01625,0.0326,0.723
535,0.23125,0.0146,0.03315,0.721
536,0.2277,0.0166,0.03285,0.72285
537,0.23125,0.0152,0.0321,0.72145
538,0.22765,0.0171,0.03125,0.724
539,0.23155,0.01505,0.0308,0.7226
540,0.22915,0.0163,0.03065,0.7239
541,0.2333,0.0141,0.031,0.7216
542,0.2304,0.0161,0.031,0.7225
543,0.23355,0.01385,0.0317,0.7209
544,0.2297,0.01635,0.03055,0.7234
545,0.23455,0.0142,0.0308,0.72045
546,0.23155,0.015,0.03125,0.7222
547,0.23685,0.0128,0.03035,0.72
548,0.23355,0.01495,0.02985,0.72165
549,0.23855,0.0136,0.0294,0.71845
550,0.23475,0.01695,0.02915,0.71915
551,0.2378,0.01475,0.0295,0.71795
552,0.23265,0.0177,0.02985,0.7198
553,0.23615,0.01615,0.0299,0.7178
554,0.23275,0.0179,0.0307,0.71865
555,0.2358,0.0158,0.0314,0.717
556,0.23285,0.01725,0.03235,0.71755
557,0.2362,0.01475,0.0332,0.71585
558,0.23225,0.01705,0.03235,0.71835
559,0.23645,0.01555,0.03125,0.71675
560,0.23325,0.01785,0.03075,0.71815
561,0.23745,0.01585,0.03055,0.71615
562,0.2342,0.0159,0.03145,0.71845
563,0.2385,0.01385,0.03165,0.716
564,0.2347,0.01625,0.03135,0.7177
565,0.2396,0.01475,0.03085,0.7148
566,0.23615,0.01685,0.03045,0.71655
567,0.24105,0.01465,0.031,0.7133
568,0.2374,0.01715,0.03065,0.7148
569,0.2408,0.0153,0.03025,0.71365
570,0.2389,0.0159,0.0308,0.7144
571,0.24455,0.0129,0.03165,0.7109
572,0.24105,0.0158,0.0306,0.71255
573,0.24425,0.01445,0.0306,0.7107
574,0.2412,0.0169,0.0311,0.7108
575,0.2454,0.01455,0.0317,0.70835
576,0.24035,0.0178,0.03145,0.7104
577,0.2431,0.01595,0.03095,0.71
578,0.23965,0.0175,0.03155,0.7113
579,0.24345,0.01525,0.0324,0.7089
580,0.23905,0.01715,0.0336,0.7102
581,0.242,0.0154,0.03355,0.70905
582,0.238,0.01785,0.0334,0.71075
583,0.2415,0.016,0.0333,0.7092
584,0.23685,0.01835,0.0335,0.7113
585,0.23925,0.01615,0.03365,0.71095
586,0.2349,0.0181,0.03345,0.71355
587,0.2384,0.0158,0.03385,0.71195
588,0.2346,0.01775,0.0329,0.71475
589,0.23695,0.01595,0.0325,0.7146
590,0.2335,0.0168,0.03125,0.71845
591,0.2379,0.01425,0.03215,0.7157
592,0.23245,0.0169,0.03295,0.7177
593,0.23605,0.0152,0.0325,0.71625
594,0.2323,0.01705,0.0323,0.71835
595,0.2354,0.01545,0.03195,0.7172
596,0.2318,0.0175,0.0318,0.7189
597,0.2352,0.0159,0.0327,0.7162
598,0.23155,0.0176,0.03315,0.7177
599,0.236,0.016,0.03255,0.71545
600,0.23305,0.0172,0.03295,0.7168
601,0.2367,0.0146,0.03165,0.71705
602,0.2348,0.0157,0.0319,0.7176
603,0.23745,0.01505,0.0311,0.7164
604,0.23335,0.0174,0.03195,0.7173
605,0.23745,0.01655,0.03165,0.71435
606,0.23445,0.0173,0.0314,0.71685
607,0.2371,0.01545,0.031,0.71645
608,0.23235,0.01795,0.03175,0.71795
609,0.23615,0.01585,0.03185,0.71615
610,0.2324,0.0166,0.03295,0.71805
611,0.2361,0.01395,0.03305,0.7169
612,0.23275,0.016,0.0332,0.71805
613,0.2371,0.0143,0.03225,0.71635
614,0.23245,0.0168,0.0328,0.71795
615,0.23565,0.0155,0.03245,0.7164
616,0.23185,0.01755,0.03275,0.71785
617,0.23575,0.0148,0.0328,0.71665
618,0.2321,0.0171,0.03255,0.71825
619,0.23595,0.01515,0.03275,0.71615
620,0.23115,0.0182,0.0321,0.71855
621,0.2341,0.0165,0.0329,0.7165
622,0.2298,0.01755,0.03445,0.7182
623,0.23395,0.0163,0.0339,0.71585
624,0.2309,0.0177,0.0343,0.7171
625,0.23365,0.01645,0.0341,0.7158
626,0.22975,0.01805,0.03455,0.71765
627,0.23355,0.0161,0.0348,0.71555
628,0.23035,0.01725,0.035,0.7174
629,0.23295,0.0151,0.03555,0.7164
630,0.22895,0.01735,0.03565,0.71805
631,0.2319,0.01575,0.0355,0.71685
632,0.2277,0.0178,0.0345,0.72
633,0.2317,0.0156,0.03445,0.71825
634,0.2276,0.01905,0.0343,0.71905
635,0.23065,0.0166,0.0349,0.71785
636,0.22705,0.0179,0.03475,0.7203
637,0.23175,0.01665,0.0354,0.7162
638,0.2276,0.0184,0.0361,0.7179
639,0.2309,0.01645,0.03565,0.717
640,0.2269,0.01755,0.0363,0.71925
641,0.2305,0.01565,0.03615,0.7177
642,0.22685,0.0178,0.0349,0.72045
643,0.23005,0.0162,0.03475,0.719
644,0.2262,0.0178,0.03465,0.72135
645,0.22945,0.0167,0.03365,0.7202
646,0.227,0.0177,0.0342,0.7211
647,0.2306,0.0158,0.0335,0.7201
648,0.2266,0.01825,0.03285,0.7223
649,0.2298,0.01675,0.03325,0.7202
650,0.22575,0.0183,0.0329,0.72305
651,0.2287,0.01615,0.0331,0.72205
652,0.22505,0.0176,0.03375,0.7236
653,0.22925,0.01575,0.0336,0.7214
654,0.2255,0.017,0.03345,0.72405
655,0.22855,0.0149,0.0334,0.72315
656,0.22395,0.01775,0.033,0.7253
657,0.2266,0.0159,0.033,0.7245
658,0.22285,0.0173,0.03385,0.726
659,0.22645,0.0161,0.0331,0.72435
660,0.2223,0.01725,0.03365,0.7268
661,0.22625,0.0154,0.03405,0.7243
662,0.22285,0.01745,0.034,0.7257
663,0.22705,0.0143,0.0348,0.72385
664,0.2231,0.0165,0.0335,0.7269
665,0.22765,0.01495,0.03215,0.72525
666,0.2235,0.0168,0.0317,0.728
667,0.2275,0.0148,0.03175,0.72595
668,0.2243,0.0158,0.03255,0.72735
669,0.2273,0.01465,0.03305,0.725
670,0.22365,0.0166,0.0323,0.72745
671,0.2271,0.015,0.0313,0.7266
672,0.22275,0.0168,0.0314,0.72905
673,0.2273,0.01475,0.03095,0.727
674,0.22445,0.01665,0.0304,0.7285
675,0.2287,0.0146,0.0305,0.7262
676,0.2252,0.01585,0.03005,0.7289
677,0.2302,0.01385,0.03,0.72595
678,0.2276,0.01525,0.0304,0.72675
679,0.23055,0.0134,0.0304,0.72565
680,0.2276,0.0155,0.03055,0.72635
681,0.2312,0.0142,0.0307,0.7239
682,0.2281,0.01565,0.0303,0.72595
683,0.2312,0.01415,0.02995,0.7247
684,0.22775,0.01625,0.02995,0.72605
685,0.2314,0.01405,0.0304,0.72415
686,0.228,0.0165,0.02995,0.72555
687,0.23275,0.01495,0.0298,0.7225
688,0.23,0.01605,0.0306,0.72335
689,0.2332,0.01395,0.03065,0.7222
690,0.22985,0.01625,0.03015,0.72375
691,0.2334,0.0148,0.03035,0.72145
692,0.2308,0.01625,0.0297,0.72325
693,0.23525,0.0152,0.0291,0.72045
694,0.2316,0.0159,0.03035,0.72215
695,0.23555,0.01445,0.03035,0.71965
696,0.23075,0.01685,0.0313,0.7211
697,0.2346,0.0158,0.03095,0.71865
698,0.23205,0.0161,0.0319,0.71995
699,0.23645,0.014,0.0318,0.71775
700,0.23195,0.01705,0.0311,0.7199
701,0.23685,0.01575,0.03075,0.71665
702,0.23255,0.01795,0.0308,0.7187
703,0.2375,0.0151,0.0323,0.7151
704,0.2329,0.0174,0.0318,0.7179
705,0.2371,0.01555,0.0326,0.71475
706,0.233,0.01725,0.0325,0.71725
707,0.23645,0.0157,0.0332,0.71465
708,0.23335,0.0178,0.0323,0.71655
709,0.2375,0.01505,0.0326,0.71485
710,0.2331,0.01795,0.03215,0.7168
711,0.2365,0.0155,0.03285,0.71515
712,0.2329,0.01805,0.03125,0.7178
713,0.23635,0.0162,0.032,0.71545
714,0.2331,0.0173,0.03185,0.71775
715,0.23645,0.01505,0.03275,0.71575
716,0.2318,0.0185,0.03175,0.71795
717,0.2365,0.0165,0.03035,0.71665
718,0.2321,0.01835,0.03055,0.719
719,0.2373,0.0156,0.0321,0.715
720,0.2331,0.0174,0.0329,0.7166
721,0.23735,0.01555,0.0336,0.7135
722,0.2324,0.0185,0.03325,0.71585
723,0.23555,0.01675,0.03305,0.71465
724,0.23135,0.01835,0.03295,0.71735
725,0.23495,0.01695,0.03325,0.71485
726,0.23195,0.01775,0.0338,0.7165
727,0.236,0.0158,0.0335,0.7147
728,0.23275,0.0166,0.03435,0.7163
729,0.2385,0.01495,0.03325,0.7133
730,0.23425,0.01795,0.0324,0.7154
