0.99,0,0.01,0
0.99,0,0.01,0
0.99,0,0.01,0
1,0,0,0
0.9609090909090909,0.03909090909090909,0,0
0.9609090909090909,0.03272727272727273,0.006363636363636364,0
0.9381818181818182,0.04727272727272727,0.014545454545454545,0
0.9381818181818182,0.03909090909090909,0.02181818181818182,9.090909090909091e-4
0.8836363636363637,0.08181818181818182,0.03272727272727273,0.0018181818181818182
0.8836363636363637,0.05909090909090909,0.05454545454545454,0.0027272727272727275
0.8081818181818182,0.12,0.06363636363636363,0.008181818181818182
0.8081818181818182,0.09818181818181818,0.07636363636363637,0.017272727272727273
0.7263636363636363,0.15363636363636363,0.09272727272727273,0.02727272727272727
0.7263636363636363,0.12818181818181817,0.1,0.045454545454545456
0.6181818181818182,0.21363636363636362,0.10454545454545454,0.06363636363636363
0.6181818181818182,0.16454545454545455,0.14181818181818182,0.07545454545454545
0.5036363636363637,0.23454545454545456,0.1709090909090909,0.09090909090909091
0.5036363636363637,0.1709090909090909,0.20545454545454545,0.12
0.37545454545454543,0.25,0.22727272727272727,0.14727272727272728
0.37545454545454543,0.19363636363636363,0.2545454545454545,0.17636363636363636
0.27090909090909093,0.2509090909090909,0.2727272727272727,0.20545454545454545
0.2718181818181818,0.2,0.2818181818181818,0.24636363636363637
0.17363636363636364,0.24272727272727274,0.3009090909090909,0.2827272727272727
0.17363636363636364,0.19090909090909092,0.3145454545454546,0.3209090909090909
0.09909090909090909,0.21181818181818182,0.3381818181818182,0.3509090909090909
0.10181818181818182,0.1690909090909091,0.3472727272727273,0.38181818181818183
0.042727272727272725,0.18,0.34363636363636363,0.43363636363636365
0.04363636363636364,0.14181818181818182,0.3427272727272727,0.4718181818181818
0.02181818181818182,0.1318181818181818,0.33454545454545453,0.5118181818181818
0.02090909090909091,0.09454545454545454,0.3181818181818182,0.5663636363636364
0.007272727272727273,0.07636363636363637,0.31181818181818183,0.6045454545454545
0.008181818181818182,0.06,0.2863636363636364,0.6454545454545455
0.0036363636363636364,0.04909090909090909,0.26,0.6872727272727273
0.0027272727272727275,0.034545454545454546,0.24818181818181817,0.7145454545454546
0.0036363636363636364,0.02727272727272727,0.21727272727272728,0.7518181818181818
0.00909090909090909,0.01818181818181818,0.20272727272727273,0.77
0.007272727272727273,0.01818181818181818,0.1781818181818182,0.7963636363636364
0.008181818181818182,0.014545454545454545,0.14727272727272728,0.83
0.008181818181818182,0.011818181818181818,0.13545454545454547,0.8445454545454546
0.01090909090909091,0.012727272727272728,0.11636363636363636,0.86
0.01090909090909091,0.01090909090909091,0.11,0.8681818181818182
0.017272727272727273,0.008181818181818182,0.10181818181818182,0.8727272727272727
0.017272727272727273,0.011818181818181818,0.09090909090909091,0.88
0.017272727272727273,0.012727272727272728,0.08636363636363636,0.8836363636363637
0.01818181818181818,0.00909090909090909,0.07727272727272727,0.8954545454545455
0.019090909090909092,0.004545454545454545,0.06818181818181818,0.9081818181818182
0.019090909090909092,0.005454545454545455,0.06272727272727273,0.9127272727272727
0.02090909090909091,0.005454545454545455,0.05,0.9236363636363636
0.019090909090909092,0.008181818181818182,0.04363636363636364,0.9290909090909091
0.022727272727272728,0.006363636363636364,0.04090909090909091,0.93
0.025454545454545455,0.005454545454545455,0.04,0.9290909090909091
0.03,0.005454545454545455,0.035454545454545454,0.9290909090909091
0.03,0.007272727272727273,0.03363636363636364,0.9290909090909091
0.03272727272727273,0.005454545454545455,0.03272727272727273,0.9290909090909091
0.03363636363636364,0.0036363636363636364,0.03272727272727273,0.93
0.04090909090909091,0.0036363636363636364,0.02727272727272727,0.9281818181818182
0.045454545454545456,0.0027272727272727275,0.028181818181818183,0.9236363636363636
0.05090909090909091,0.0027272727272727275,0.025454545454545455,0.9209090909090909
0.04818181818181818,0.004545454545454545,0.02181818181818182,0.9254545454545454
0.053636363636363635,0.004545454545454545,0.019090909090909092,0.9227272727272727
0.05272727272727273,0.004545454545454545,0.01818181818181818,0.9245454545454546
0.056363636363636366,0.006363636363636364,0.015454545454545455,0.9218181818181819
0.06,0.007272727272727273,0.011818181818181818,0.9209090909090909
0.05909090909090909,0.00909090909090909,0.01,0.9218181818181819
0.06272727272727273,0.007272727272727273,0.01,0.92
0.06181818181818182,0.007272727272727273,0.01090909090909091,0.92
0.06454545454545454,0.0036363636363636364,0.015454545454545455,0.9163636363636364
0.06727272727272728,0.0036363636363636364,0.013636363636363636,0.9154545454545454
0.07,0.0018181818181818182,0.011818181818181818,0.9163636363636364
0.07454545454545454,0,0.01,0.9154545454545454
0.07454545454545454,0.0027272727272727275,0.00909090909090909,0.9136363636363637
0.07909090909090909,0.0036363636363636364,0.007272727272727273,0.91
0.07909090909090909,0.0027272727272727275,0.008181818181818182,0.91
0.08363636363636363,0.0018181818181818182,0.00909090909090909,0.9054545454545454
0.08363636363636363,0.0027272727272727275,0.007272727272727273,0.9063636363636364
0.08636363636363636,0.0018181818181818182,0.008181818181818182,0.9036363636363637
0.09,0.0027272727272727275,0.005454545454545455,0.9018181818181819
0.09272727272727273,0.0018181818181818182,0.005454545454545455,0.9
0.09454545454545454,0.0018181818181818182,0.004545454545454545,0.899090909090909
0.09545454545454546,0.0018181818181818182,0.004545454545454545,0.8981818181818182
0.09636363636363636,0.0018181818181818182,0.0036363636363636364,0.8981818181818182
0.1,0.0018181818181818182,0.0027272727272727275,0.8954545454545455
0.1009090909090909,0.0018181818181818182,0.0027272727272727275,0.8945454545454545
0.10272727272727272,0.0036363636363636364,0.0027272727272727275,0.8909090909090909
0.10454545454545454,0.0036363636363636364,0.0036363636363636364,0.8881818181818182
0.10727272727272727,0.0027272727272727275,0.004545454545454545,0.8854545454545455
0.11272727272727273,0.0018181818181818182,0.004545454545454545,0.8809090909090909
0.11454545454545455,0.0018181818181818182,0.004545454545454545,0.8790909090909091
0.11363636363636363,0.0018181818181818182,0.004545454545454545,0.88
0.11363636363636363,0.0018181818181818182,0.005454545454545455,0.8790909090909091
0.11818181818181818,9.090909090909091e-4,0.005454545454545455,0.8754545454545455
0.1190909090909091,0.0036363636363636364,0.005454545454545455,0.8718181818181818
0.12,0.0027272727272727275,0.005454545454545455,0.8718181818181818
0.12636363636363637,0.0018181818181818182,0.005454545454545455,0.8663636363636363
0.12454545454545454,0.0027272727272727275,0.006363636363636364,0.8663636363636363
0.13090909090909092,0.0018181818181818182,0.007272727272727273,0.86
0.13090909090909092,9.090909090909091e-4,0.00909090909090909,0.8590909090909091
0.13454545454545455,0.0018181818181818182,0.008181818181818182,0.8554545454545455
0.13636363636363635,0.0036363636363636364,0.006363636363636364,0.8536363636363636
0.13636363636363635,0.007272727272727273,0.005454545454545455,0.850909090909091
0.13727272727272727,0.007272727272727273,0.005454545454545455,0.85
0.14,0.006363636363636364,0.006363636363636364,0.8472727272727273
0.14454545454545453,0.005454545454545455,0.006363636363636364,0.8436363636363636
0.1481818181818182,0.0036363636363636364,0.005454545454545455,0.8427272727272728
0.15,0.004545454545454545,0.004545454545454545,0.8409090909090909
0.15181818181818182,0.004545454545454545,0.004545454545454545,0.8390909090909091
0.15363636363636363,0.004545454545454545,0.005454545454545455,0.8363636363636363
0.15545454545454546,0.0036363636363636364,0.005454545454545455,0.8354545454545454
0.15636363636363637,0.005454545454545455,0.006363636363636364,0.8318181818181818
0.16,0.005454545454545455,0.007272727272727273,0.8272727272727273
0.16,0.004545454545454545,0.008181818181818182,0.8272727272727273
0.16272727272727272,0.0018181818181818182,0.01,0.8254545454545454
0.1618181818181818,0.0018181818181818182,0.00909090909090909,0.8272727272727273
0.16363636363636364,0.0027272727272727275,0.006363636363636364,0.8272727272727273
0.16545454545454547,0.0018181818181818182,0.006363636363636364,0.8263636363636364
0.16545454545454547,0.0018181818181818182,0.004545454545454545,0.8281818181818181
0.16454545454545455,0.0027272727272727275,0.004545454545454545,0.8281818181818181
0.16636363636363635,0.0036363636363636364,0.004545454545454545,0.8254545454545454
0.16636363636363635,0.0036363636363636364,0.005454545454545455,0.8245454545454546
0.16636363636363635,0.004545454545454545,0.0027272727272727275,0.8263636363636364
0.16818181818181818,0.004545454545454545,0.0027272727272727275,0.8245454545454546
0.1690909090909091,0.0018181818181818182,0.005454545454545455,0.8236363636363636
0.16818181818181818,0.0036363636363636364,0.0027272727272727275,0.8254545454545454
0.17363636363636364,0.0027272727272727275,0.0036363636363636364,0.82
0.17454545454545456,0.0018181818181818182,0.004545454545454545,0.8190909090909091
0.17636363636363636,9.090909090909091e-4,0.004545454545454545,0.8181818181818182
0.17909090909090908,0,0.005454545454545455,0.8154545454545454
0.18,9.090909090909091e-4,0.004545454545454545,0.8145454545454546
0.18272727272727274,0,0.005454545454545455,0.8118181818181818
0.18636363636363637,0.0018181818181818182,0.005454545454545455,0.8063636363636364
0.18818181818181817,0.0018181818181818182,0.005454545454545455,0.8045454545454546
0.19090909090909092,0.0018181818181818182,0.005454545454545455,0.8018181818181818
0.1918181818181818,9.090909090909091e-4,0.005454545454545455,0.8018181818181818
0.19727272727272727,9.090909090909091e-4,0.004545454545454545,0.7972727272727272
0.1990909090909091,0.0027272727272727275,0.004545454545454545,0.7936363636363636
0.2018181818181818,0.0027272727272727275,0.004545454545454545,0.7909090909090909
0.20272727272727273,0.0018181818181818182,0.004545454545454545,0.7909090909090909
0.20636363636363636,9.090909090909091e-4,0.005454545454545455,0.7872727272727272
0.20909090909090908,0,0.004545454545454545,0.7863636363636364
0.2109090909090909,0.0018181818181818182,0.0036363636363636364,0.7836363636363637
0.21272727272727274,0.0027272727272727275,0.0036363636363636364,0.7809090909090909
0.21545454545454545,0.0036363636363636364,0.0027272727272727275,0.7781818181818182
0.21272727272727274,0.005454545454545455,0.0027272727272727275,0.7790909090909091
0.21545454545454545,0.0036363636363636364,0.004545454545454545,0.7763636363636364
0.21636363636363637,0.0018181818181818182,0.006363636363636364,0.7754545454545455
0.22,0.0018181818181818182,0.006363636363636364,0.7718181818181818
0.21818181818181817,0.0027272727272727275,0.005454545454545455,0.7736363636363637
0.22,0.0018181818181818182,0.005454545454545455,0.7727272727272727
0.2190909090909091,0.0036363636363636364,0.005454545454545455,0.7718181818181818
0.22,0.005454545454545455,0.005454545454545455,0.769090909090909
0.2190909090909091,0.0036363636363636364,0.006363636363636364,0.7709090909090909
0.22454545454545455,0.0036363636363636364,0.005454545454545455,0.7663636363636364
0.22454545454545455,0.004545454545454545,0.006363636363636364,0.7645454545454545
0.22545454545454546,0.006363636363636364,0.005454545454545455,0.7627272727272727
0.22454545454545455,0.007272727272727273,0.006363636363636364,0.7618181818181818
0.22727272727272727,0.004545454545454545,0.008181818181818182,0.76
0.22727272727272727,0.005454545454545455,0.00909090909090909,0.7581818181818182
0.22818181818181818,0.007272727272727273,0.007272727272727273,0.7572727272727273
0.22727272727272727,0.01,0.008181818181818182,0.7545454545454545
0.23272727272727273,0.007272727272727273,0.01,0.75
0.23454545454545456,0.006363636363636364,0.01090909090909091,0.7481818181818182
0.23636363636363636,0.007272727272727273,0.01,0.7463636363636363
0.23363636363636364,0.004545454545454545,0.011818181818181818,0.75
0.23454545454545456,0.004545454545454545,0.01090909090909091,0.75
0.23363636363636364,0.007272727272727273,0.00909090909090909,0.75
0.23636363636363636,0.007272727272727273,0.00909090909090909,0.7472727272727273
0.23727272727272727,0.004545454545454545,0.01,0.7481818181818182
0.23636363636363636,0.0036363636363636364,0.01090909090909091,0.7490909090909091
0.23454545454545456,0.0027272727272727275,0.01090909090909091,0.7518181818181818
0.23545454545454544,0.0036363636363636364,0.008181818181818182,0.7527272727272727
0.23545454545454544,0.005454545454545455,0.007272727272727273,0.7518181818181818
0.23454545454545456,0.005454545454545455,0.008181818181818182,0.7518181818181818
0.23,0.007272727272727273,0.008181818181818182,0.7545454545454545
0.22727272727272727,0.01,0.008181818181818182,0.7545454545454545
0.23,0.01090909090909091,0.007272727272727273,0.7518181818181818
0.2309090909090909,0.00909090909090909,0.00909090909090909,0.7509090909090909
0.22727272727272727,0.01090909090909091,0.01,0.7518181818181818
0.23,0.008181818181818182,0.011818181818181818,0.75
0.23,0.01090909090909091,0.01,0.7490909090909091
0.2309090909090909,0.012727272727272728,0.01,0.7463636363636363
0.23363636363636364,0.015454545454545455,0.01,0.740909090909091
0.23545454545454544,0.011818181818181818,0.011818181818181818,0.740909090909091
0.2318181818181818,0.014545454545454545,0.01090909090909091,0.7427272727272727
0.23272727272727273,0.01,0.015454545454545455,0.7418181818181818
0.2309090909090909,0.006363636363636364,0.02,0.7427272727272727
0.23,0.008181818181818182,0.01818181818181818,0.7436363636363637
0.2318181818181818,0.01,0.014545454545454545,0.7436363636363637
0.23363636363636364,0.008181818181818182,0.016363636363636365,0.7418181818181818
0.2290909090909091,0.012727272727272728,0.01818181818181818,0.74
0.2290909090909091,0.011818181818181818,0.019090909090909092,0.74
0.22636363636363635,0.00909090909090909,0.02181818181818182,0.7427272727272727
0.22454545454545455,0.01090909090909091,0.01818181818181818,0.7463636363636363
0.22,0.013636363636363636,0.019090909090909092,0.7472727272727273
0.22090909090909092,0.01,0.023636363636363636,0.7454545454545455
0.22090909090909092,0.011818181818181818,0.02181818181818182,0.7454545454545455
0.21636363636363637,0.013636363636363636,0.023636363636363636,0.7463636363636363
0.21636363636363637,0.013636363636363636,0.023636363636363636,0.7463636363636363
0.21727272727272728,0.015454545454545455,0.02,0.7472727272727273
0.22,0.011818181818181818,0.022727272727272728,0.7454545454545455
0.22090909090909092,0.013636363636363636,0.019090909090909092,0.7463636363636363
0.2190909090909091,0.01,0.02181818181818182,0.7490909090909091
0.21818181818181817,0.00909090909090909,0.022727272727272728,0.75
0.21545454545454545,0.011818181818181818,0.024545454545454544,0.7481818181818182
0.21818181818181817,0.01,0.022727272727272728,0.7490909090909091
0.21545454545454545,0.011818181818181818,0.022727272727272728,0.75
0.21636363636363637,0.013636363636363636,0.02181818181818182,0.7481818181818182
0.21454545454545454,0.012727272727272728,0.025454545454545455,0.7472727272727273
0.21545454545454545,0.011818181818181818,0.023636363636363636,0.7490909090909091
0.20545454545454545,0.022727272727272728,0.022727272727272728,0.7490909090909091
0.20636363636363636,0.02090909090909091,0.026363636363636363,0.7463636363636363
0.2018181818181818,0.02090909090909091,0.02727272727272727,0.75
0.20363636363636364,0.02090909090909091,0.02909090909090909,0.7463636363636363
0.2009090909090909,0.023636363636363636,0.028181818181818183,0.7472727272727273
0.20272727272727273,0.02090909090909091,0.03,0.7463636363636363
0.19727272727272727,0.02181818181818182,0.031818181818181815,0.7490909090909091
0.19363636363636363,0.02181818181818182,0.03090909090909091,0.7536363636363637
0.19,0.023636363636363636,0.034545454545454546,0.7518181818181818
0.18545454545454546,0.02090909090909091,0.034545454545454546,0.759090909090909
0.18636363636363637,0.02,0.03636363636363636,0.7572727272727273
0.18181818181818182,0.02181818181818182,0.035454545454545454,0.7609090909090909
0.17909090909090908,0.02090909090909091,0.03363636363636364,0.7663636363636364
0.17909090909090908,0.019090909090909092,0.03272727272727273,0.769090909090909
0.17909090909090908,0.01818181818181818,0.035454545454545454,0.7672727272727272
0.1781818181818182,0.02090909090909091,0.034545454545454546,0.7663636363636364
0.17,0.026363636363636363,0.03272727272727273,0.7709090909090909
0.17454545454545456,0.023636363636363636,0.03363636363636364,0.7681818181818182
0.17,0.022727272727272728,0.03636363636363636,0.7709090909090909
0.1690909090909091,0.023636363636363636,0.034545454545454546,0.7727272727272727
0.16454545454545455,0.02181818181818182,0.03909090909090909,0.7745454545454545
0.17,0.01818181818181818,0.03636363636363636,0.7754545454545455
0.16090909090909092,0.026363636363636363,0.03,0.7827272727272727
0.16090909090909092,0.02727272727272727,0.02909090909090909,0.7827272727272727
0.15818181818181817,0.025454545454545455,0.02909090909090909,0.7872727272727272
0.16090909090909092,0.01818181818181818,0.03363636363636364,0.7872727272727272
0.15545454545454546,0.024545454545454544,0.03090909090909091,0.7890909090909091
0.15272727272727274,0.023636363636363636,0.02909090909090909,0.7945454545454546
0.15,0.02181818181818182,0.03272727272727273,0.7954545454545454
0.15,0.01818181818181818,0.03636363636363636,0.7954545454545454
0.14909090909090908,0.019090909090909092,0.038181818181818185,0.7936363636363636
0.15,0.02090909090909091,0.03909090909090909,0.79
0.14363636363636365,0.025454545454545455,0.03727272727272727,0.7936363636363636
0.14454545454545453,0.024545454545454544,0.03636363636363636,0.7945454545454546
0.1390909090909091,0.02727272727272727,0.035454545454545454,0.7981818181818182
0.1409090909090909,0.026363636363636363,0.035454545454545454,0.7972727272727272
0.14,0.022727272727272728,0.04090909090909091,0.7963636363636364
0.14454545454545453,0.02181818181818182,0.04,0.7936363636363636
0.1390909090909091,0.024545454545454544,0.042727272727272725,0.7936363636363636
0.13727272727272727,0.025454545454545455,0.04181818181818182,0.7954545454545454
0.13090909090909092,0.02727272727272727,0.04454545454545455,0.7972727272727272
0.13272727272727272,0.023636363636363636,0.04454545454545455,0.7990909090909091
0.12545454545454546,0.025454545454545455,0.04727272727272727,0.8018181818181818
0.12818181818181817,0.02909090909090909,0.04090909090909091,0.8018181818181818
0.12181818181818181,0.02909090909090909,0.03909090909090909,0.81
0.11818181818181818,0.025454545454545455,0.042727272727272725,0.8136363636363636
0.11272727272727273,0.02727272727272727,0.04363636363636364,0.8163636363636364
0.11545454545454545,0.02090909090909091,0.04454545454545455,0.8190909090909091
0.11090909090909092,0.02181818181818182,0.046363636363636364,0.8209090909090909
0.11545454545454545,0.017272727272727273,0.04818181818181818,0.8190909090909091
0.11,0.023636363636363636,0.046363636363636364,0.82
0.11181818181818182,0.019090909090909092,0.04727272727272727,0.8218181818181818
0.10545454545454545,0.02,0.04363636363636364,0.8309090909090909
0.10909090909090909,0.019090909090909092,0.04454545454545455,0.8272727272727273
0.10454545454545454,0.019090909090909092,0.04181818181818182,0.8345454545454546
0.10818181818181818,0.016363636363636365,0.038181818181818185,0.8372727272727273
0.11,0.015454545454545455,0.034545454545454546,0.84
0.11272727272727273,0.016363636363636365,0.03,0.8409090909090909
0.11181818181818182,0.02,0.03090909090909091,0.8372727272727273
0.11545454545454545,0.01818181818181818,0.03363636363636364,0.8327272727272728
0.11181818181818182,0.015454545454545455,0.03909090909090909,0.8336363636363636
0.11636363636363636,0.012727272727272728,0.035454545454545454,0.8354545454545454
0.11363636363636363,0.012727272727272728,0.03636363636363636,0.8372727272727273
0.12181818181818181,0.01090909090909091,0.03090909090909091,0.8363636363636363
0.11818181818181818,0.014545454545454545,0.03,0.8372727272727273
0.12727272727272726,0.012727272727272728,0.02727272727272727,0.8327272727272728
0.12545454545454546,0.013636363636363636,0.03,0.8309090909090909
0.1318181818181818,0.01090909090909091,0.03272727272727273,0.8245454545454546
0.1290909090909091,0.012727272727272728,0.03272727272727273,0.8254545454545454
0.13090909090909092,0.013636363636363636,0.02909090909090909,0.8263636363636364
0.13090909090909092,0.015454545454545455,0.02909090909090909,0.8245454545454546
0.13272727272727272,0.014545454545454545,0.03090909090909091,0.8218181818181818
0.13090909090909092,0.015454545454545455,0.03090909090909091,0.8227272727272728
0.13545454545454547,0.014545454545454545,0.03090909090909091,0.8190909090909091
0.12636363636363637,0.02090909090909091,0.03090909090909091,0.8218181818181818
0.1290909090909091,0.02090909090909091,0.028181818181818183,0.8218181818181818
0.12454545454545454,0.02181818181818182,0.02727272727272727,0.8263636363636364
0.13090909090909092,0.017272727272727273,0.028181818181818183,0.8236363636363636
0.1318181818181818,0.013636363636363636,0.03272727272727273,0.8218181818181818
0.13090909090909092,0.015454545454545455,0.034545454545454546,0.8190909090909091
0.12727272727272726,0.019090909090909092,0.031818181818181815,0.8218181818181818
0.12818181818181817,0.017272727272727273,0.02909090909090909,0.8254545454545454
0.12363636363636364,0.02181818181818182,0.028181818181818183,0.8263636363636364
0.12636363636363637,0.02181818181818182,0.025454545454545455,0.8263636363636364
0.12454545454545454,0.02,0.026363636363636363,0.8290909090909091
0.12454545454545454,0.017272727272727273,0.026363636363636363,0.8318181818181818
0.12545454545454546,0.014545454545454545,0.02909090909090909,0.8309090909090909
0.1318181818181818,0.015454545454545455,0.02727272727272727,0.8254545454545454
0.1290909090909091,0.019090909090909092,0.025454545454545455,0.8263636363636364
0.13727272727272727,0.017272727272727273,0.02727272727272727,0.8181818181818182
0.1390909090909091,0.014545454545454545,0.028181818181818183,0.8181818181818182
0.14181818181818182,0.012727272727272728,0.02909090909090909,0.8163636363636364
0.14,0.012727272727272728,0.03090909090909091,0.8163636363636364
0.14727272727272728,0.014545454545454545,0.03,0.8081818181818182
0.14272727272727273,0.019090909090909092,0.03272727272727273,0.8054545454545454
0.14727272727272728,0.01818181818181818,0.038181818181818185,0.7963636363636364
0.1409090909090909,0.02090909090909091,0.03909090909090909,0.7990909090909091
0.14,0.017272727272727273,0.03909090909090909,0.8036363636363636
0.13454545454545455,0.019090909090909092,0.04090909090909091,0.8054545454545454
0.14,0.019090909090909092,0.03727272727272727,0.8036363636363636
0.13636363636363635,0.022727272727272728,0.03272727272727273,0.8081818181818182
0.13818181818181818,0.01818181818181818,0.038181818181818185,0.8054545454545454
0.13454545454545455,0.019090909090909092,0.03727272727272727,0.8090909090909091
0.13454545454545455,0.02090909090909091,0.03363636363636364,0.8109090909090909
0.1318181818181818,0.01818181818181818,0.03272727272727273,0.8172727272727273
0.13272727272727272,0.014545454545454545,0.034545454545454546,0.8181818181818182
0.12727272727272726,0.01818181818181818,0.03363636363636364,0.8209090909090909
0.13090909090909092,0.017272727272727273,0.03363636363636364,0.8181818181818182
0.12272727272727273,0.02181818181818182,0.034545454545454546,0.8209090909090909
0.12818181818181817,0.017272727272727273,0.03909090909090909,0.8154545454545454
0.12090909090909091,0.022727272727272728,0.035454545454545454,0.8209090909090909
0.12727272727272726,0.02,0.03272727272727273,0.82
0.11636363636363636,0.023636363636363636,0.035454545454545454,0.8245454545454546
0.12181818181818181,0.022727272727272728,0.03363636363636364,0.8218181818181818
0.12090909090909091,0.01818181818181818,0.03727272727272727,0.8236363636363636
0.12727272727272726,0.013636363636363636,0.038181818181818185,0.8209090909090909
0.12272727272727273,0.01818181818181818,0.03636363636363636,0.8227272727272728
0.1318181818181818,0.016363636363636365,0.035454545454545454,0.8163636363636364
0.12545454545454546,0.023636363636363636,0.03636363636363636,0.8145454545454546
0.13,0.02090909090909091,0.035454545454545454,0.8136363636363636
0.12545454545454546,0.02181818181818182,0.03636363636363636,0.8163636363636364
0.13363636363636364,0.02,0.03909090909090909,0.8072727272727273
0.13,0.028181818181818183,0.031818181818181815,0.81
0.13363636363636364,0.024545454545454544,0.031818181818181815,0.81
0.13,0.025454545454545455,0.02909090909090909,0.8154545454545454
0.13363636363636364,0.022727272727272728,0.026363636363636363,0.8172727272727273
0.12818181818181817,0.028181818181818183,0.024545454545454544,0.8190909090909091
0.13363636363636364,0.02727272727272727,0.023636363636363636,0.8154545454545454
0.14,0.02181818181818182,0.022727272727272728,0.8154545454545454
0.14727272727272728,0.014545454545454545,0.02727272727272727,0.8109090909090909
0.14181818181818182,0.016363636363636365,0.03363636363636364,0.8081818181818182
0.14727272727272728,0.011818181818181818,0.03363636363636364,0.8072727272727273
0.14,0.017272727272727273,0.03363636363636364,0.8090909090909091
0.14454545454545453,0.013636363636363636,0.03636363636363636,0.8054545454545454
0.14363636363636365,0.01818181818181818,0.03272727272727273,0.8054545454545454
0.14,0.02090909090909091,0.03272727272727273,0.8063636363636364
0.13272727272727272,0.023636363636363636,0.035454545454545454,0.8081818181818182
0.13545454545454547,0.02,0.035454545454545454,0.8090909090909091
0.13363636363636364,0.015454545454545455,0.042727272727272725,0.8081818181818182
0.13727272727272727,0.01090909090909091,0.03909090909090909,0.8127272727272727
0.13636363636363635,0.016363636363636365,0.03636363636363636,0.8109090909090909
0.14272727272727273,0.015454545454545455,0.034545454545454546,0.8072727272727273
0.13818181818181818,0.022727272727272728,0.03090909090909091,0.8081818181818182
0.14272727272727273,0.023636363636363636,0.031818181818181815,0.8018181818181818
0.1390909090909091,0.023636363636363636,0.03272727272727273,0.8045454545454546
0.14,0.02,0.03090909090909091,0.8090909090909091
0.13818181818181818,0.019090909090909092,0.02909090909090909,0.8136363636363636
0.14272727272727273,0.016363636363636365,0.02727272727272727,0.8136363636363636
0.14,0.015454545454545455,0.02909090909090909,0.8154545454545454
0.1481818181818182,0.012727272727272728,0.03,0.8090909090909091
0.1409090909090909,0.02090909090909091,0.028181818181818183,0.81
0.14545454545454545,0.01818181818181818,0.03090909090909091,0.8054545454545454
0.14,0.019090909090909092,0.028181818181818183,0.8127272727272727
0.14363636363636365,0.012727272727272728,0.03272727272727273,0.8109090909090909
0.14545454545454545,0.011818181818181818,0.02909090909090909,0.8136363636363636
0.15,0.01090909090909091,0.03090909090909091,0.8081818181818182
0.14636363636363636,0.011818181818181818,0.028181818181818183,0.8136363636363636
0.15636363636363637,0.007272727272727273,0.02909090909090909,0.8072727272727273
0.1509090909090909,0.012727272727272728,0.03,0.8063636363636364
0.16,0.014545454545454545,0.028181818181818183,0.7972727272727272
0.15545454545454546,0.016363636363636365,0.03,0.7981818181818182
0.1618181818181818,0.017272727272727273,0.03,0.7909090909090909
0.15545454545454546,0.02,0.024545454545454544,0.8
0.15818181818181817,0.02,0.023636363636363636,0.7981818181818182
0.15636363636363637,0.02090909090909091,0.024545454545454544,0.7981818181818182
0.1618181818181818,0.017272727272727273,0.024545454545454544,0.7963636363636364
0.15636363636363637,0.01818181818181818,0.02909090909090909,0.7963636363636364
0.1590909090909091,0.019090909090909092,0.024545454545454544,0.7972727272727272
0.15454545454545454,0.02,0.02727272727272727,0.7981818181818182
0.1572727272727273,0.016363636363636365,0.03,0.7963636363636364
0.15272727272727274,0.02181818181818182,0.03,0.7954545454545454
0.15545454545454546,0.02181818181818182,0.025454545454545455,0.7972727272727272
0.15,0.022727272727272728,0.028181818181818183,0.7990909090909091
0.1590909090909091,0.013636363636363636,0.03727272727272727,0.79
0.15545454545454546,0.015454545454545455,0.034545454545454546,0.7945454545454546
0.16,0.013636363636363636,0.035454545454545454,0.7909090909090909
0.15181818181818182,0.02181818181818182,0.031818181818181815,0.7945454545454546
0.15636363636363637,0.019090909090909092,0.02909090909090909,0.7954545454545454
0.1572727272727273,0.016363636363636365,0.03,0.7963636363636364
0.1618181818181818,0.017272727272727273,0.02909090909090909,0.7918181818181819
0.15363636363636363,0.02090909090909091,0.03,0.7954545454545454
0.16,0.016363636363636365,0.031818181818181815,0.7918181818181819
0.15818181818181817,0.017272727272727273,0.03090909090909091,0.7936363636363636
0.16454545454545455,0.017272727272727273,0.02909090909090909,0.7890909090909091
0.16,0.02,0.028181818181818183,0.7918181818181819
0.16090909090909092,0.015454545454545455,0.031818181818181815,0.7918181818181819
0.15818181818181817,0.019090909090909092,0.028181818181818183,0.7945454545454546
0.1572727272727273,0.025454545454545455,0.025454545454545455,0.7918181818181819
0.15545454545454546,0.023636363636363636,0.024545454545454544,0.7963636363636364
0.16,0.01818181818181818,0.028181818181818183,0.7936363636363636
0.15636363636363637,0.017272727272727273,0.02727272727272727,0.7990909090909091
0.1618181818181818,0.013636363636363636,0.02727272727272727,0.7972727272727272
0.16363636363636364,0.013636363636363636,0.024545454545454544,0.7981818181818182
0.16363636363636364,0.016363636363636365,0.024545454545454544,0.7954545454545454
0.1590909090909091,0.02,0.025454545454545455,0.7954545454545454
0.16636363636363635,0.012727272727272728,0.031818181818181815,0.7890909090909091
0.16727272727272727,0.013636363636363636,0.03,0.7890909090909091
0.17,0.012727272727272728,0.03090909090909091,0.7863636363636364
0.16727272727272727,0.015454545454545455,0.028181818181818183,0.7890909090909091
0.16818181818181818,0.016363636363636365,0.025454545454545455,0.79
0.16545454545454547,0.02,0.026363636363636363,0.7881818181818182
0.17363636363636364,0.016363636363636365,0.02909090909090909,0.7809090909090909
0.17,0.015454545454545455,0.031818181818181815,0.7827272727272727
0.17363636363636364,0.015454545454545455,0.031818181818181815,0.7790909090909091
0.16363636363636364,0.026363636363636363,0.03,0.78
0.16272727272727272,0.023636363636363636,0.03363636363636364,0.78
0.15454545454545454,0.026363636363636363,0.034545454545454546,0.7845454545454545
0.1590909090909091,0.02181818181818182,0.03363636363636364,0.7854545454545454
0.15545454545454546,0.026363636363636363,0.03363636363636364,0.7845454545454545
0.1572727272727273,0.019090909090909092,0.04,0.7836363636363637
0.15363636363636363,0.022727272727272728,0.03909090909090909,0.7845454545454545
0.15181818181818182,0.024545454545454544,0.04,0.7836363636363637
0.1409090909090909,0.03363636363636364,0.038181818181818185,0.7872727272727272
0.1481818181818182,0.025454545454545455,0.04090909090909091,0.7854545454545454
0.13545454545454547,0.02909090909090909,0.042727272727272725,0.7927272727272727
0.13363636363636364,0.03,0.03909090909090909,0.7972727272727272
0.1318181818181818,0.02727272727272727,0.046363636363636364,0.7945454545454546
0.13818181818181818,0.023636363636363636,0.045454545454545456,0.7927272727272727
0.13545454545454547,0.026363636363636363,0.04181818181818182,0.7963636363636364
0.1409090909090909,0.02727272727272727,0.04090909090909091,0.7909090909090909
0.12545454545454546,0.03727272727272727,0.04181818181818182,0.7954545454545454
0.1290909090909091,0.028181818181818183,0.046363636363636364,0.7963636363636364
0.12272727272727273,0.03272727272727273,0.04727272727272727,0.7972727272727272
0.12818181818181817,0.02909090909090909,0.04909090909090909,0.7936363636363636
0.12,0.031818181818181815,0.04909090909090909,0.7990909090909091
0.12272727272727273,0.028181818181818183,0.05,0.7990909090909091
0.1190909090909091,0.026363636363636363,0.05090909090909091,0.8036363636363636
0.12272727272727273,0.025454545454545455,0.05090909090909091,0.8009090909090909
0.11181818181818182,0.03636363636363636,0.045454545454545456,0.8063636363636364
0.11727272727272728,0.02909090909090909,0.05090909090909091,0.8027272727272727
0.11090909090909092,0.03090909090909091,0.05272727272727273,0.8054545454545454
0.11636363636363636,0.028181818181818183,0.05090909090909091,0.8045454545454546
0.11272727272727273,0.03,0.05,0.8072727272727273
0.11636363636363636,0.028181818181818183,0.042727272727272725,0.8127272727272727
0.10636363636363637,0.03272727272727273,0.04727272727272727,0.8136363636363636
0.10727272727272727,0.026363636363636363,0.05090909090909091,0.8154545454545454
0.10181818181818182,0.024545454545454544,0.05545454545454546,0.8181818181818182
0.10454545454545454,0.022727272727272728,0.056363636363636366,0.8163636363636364
0.1,0.026363636363636363,0.05181818181818182,0.8218181818181818
0.10636363636363637,0.022727272727272728,0.05,0.8209090909090909
0.09909090909090909,0.028181818181818183,0.046363636363636364,0.8263636363636364
0.10636363636363637,0.026363636363636363,0.04181818181818182,0.8254545454545454
0.10545454545454545,0.02090909090909091,0.045454545454545456,0.8281818181818181
0.10818181818181818,0.02181818181818182,0.04,0.83
0.09545454545454546,0.026363636363636363,0.046363636363636364,0.8318181818181818
0.10727272727272727,0.02181818181818182,0.04454545454545455,0.8263636363636364
0.10727272727272727,0.02,0.046363636363636364,0.8263636363636364
0.11636363636363636,0.01818181818181818,0.04181818181818182,0.8236363636363636
0.10818181818181818,0.017272727272727273,0.04909090909090909,0.8254545454545454
0.11363636363636363,0.013636363636363636,0.042727272727272725,0.83
0.10818181818181818,0.02,0.03727272727272727,0.8345454545454546
0.11363636363636363,0.019090909090909092,0.034545454545454546,0.8327272727272728
0.11181818181818182,0.02090909090909091,0.034545454545454546,0.8327272727272728
0.11818181818181818,0.019090909090909092,0.03090909090909091,0.8318181818181818
0.11454545454545455,0.022727272727272728,0.031818181818181815,0.8309090909090909
0.12272727272727273,0.013636363636363636,0.03909090909090909,0.8245454545454546
0.12090909090909091,0.016363636363636365,0.035454545454545454,0.8272727272727273
0.1290909090909091,0.013636363636363636,0.035454545454545454,0.8218181818181818
0.12181818181818181,0.02090909090909091,0.03090909090909091,0.8263636363636364
0.12545454545454546,0.019090909090909092,0.031818181818181815,0.8236363636363636
0.12181818181818181,0.022727272727272728,0.02909090909090909,0.8263636363636364
0.12818181818181817,0.01818181818181818,0.03090909090909091,0.8227272727272728
0.11727272727272728,0.022727272727272728,0.034545454545454546,0.8254545454545454
0.13,0.019090909090909092,0.03272727272727273,0.8181818181818182
0.12818181818181817,0.02090909090909091,0.034545454545454546,0.8163636363636364
0.1318181818181818,0.02,0.03272727272727273,0.8154545454545454
0.1290909090909091,0.024545454545454544,0.03272727272727273,0.8136363636363636
0.13363636363636364,0.02090909090909091,0.02909090909090909,0.8163636363636364
0.1290909090909091,0.019090909090909092,0.035454545454545454,0.8163636363636364
0.13090909090909092,0.022727272727272728,0.034545454545454546,0.8118181818181818
0.12090909090909091,0.028181818181818183,0.03727272727272727,0.8136363636363636
0.12545454545454546,0.02,0.04454545454545455,0.81
0.1190909090909091,0.022727272727272728,0.045454545454545456,0.8127272727272727
0.12636363636363637,0.02090909090909091,0.04363636363636364,0.8090909090909091
0.12,0.026363636363636363,0.04363636363636364,0.81
0.1290909090909091,0.02,0.046363636363636364,0.8045454545454546
0.12454545454545454,0.024545454545454544,0.042727272727272725,0.8081818181818182
0.1290909090909091,0.02090909090909091,0.045454545454545456,0.8045454545454546
0.12090909090909091,0.026363636363636363,0.04363636363636364,0.8090909090909091
0.12454545454545454,0.023636363636363636,0.04363636363636364,0.8081818181818182
0.12,0.023636363636363636,0.045454545454545456,0.8109090909090909
0.13,0.019090909090909092,0.03909090909090909,0.8118181818181818
0.12181818181818181,0.024545454545454544,0.038181818181818185,0.8154545454545454
0.13,0.022727272727272728,0.03363636363636364,0.8136363636363636
0.13,0.017272727272727273,0.034545454545454546,0.8181818181818182
0.13545454545454547,0.014545454545454545,0.03636363636363636,0.8136363636363636
0.13,0.019090909090909092,0.035454545454545454,0.8154545454545454
0.13636363636363635,0.02181818181818182,0.03,0.8118181818181818
0.1290909090909091,0.023636363636363636,0.02909090909090909,0.8181818181818182
0.13636363636363635,0.019090909090909092,0.03272727272727273,0.8118181818181818
0.13454545454545455,0.017272727272727273,0.03727272727272727,0.8109090909090909
0.13545454545454547,0.016363636363636365,0.03727272727272727,0.8109090909090909
0.12727272727272726,0.028181818181818183,0.03363636363636364,0.8109090909090909
0.12363636363636364,0.02727272727272727,0.03636363636363636,0.8127272727272727
0.12,0.02727272727272727,0.03909090909090909,0.8136363636363636
0.12454545454545454,0.023636363636363636,0.03636363636363636,0.8154545454545454
0.12272727272727273,0.022727272727272728,0.035454545454545454,0.8190909090909091
0.12818181818181817,0.015454545454545455,0.04,0.8163636363636364
0.12818181818181817,0.012727272727272728,0.03909090909090909,0.82
0.12818181818181817,0.013636363636363636,0.03636363636363636,0.8218181818181818
0.12818181818181817,0.014545454545454545,0.034545454545454546,0.8227272727272728
0.1290909090909091,0.012727272727272728,0.03636363636363636,0.8218181818181818
0.12454545454545454,0.015454545454545455,0.035454545454545454,0.8245454545454546
0.13090909090909092,0.011818181818181818,0.034545454545454546,0.8227272727272728
0.13090909090909092,0.012727272727272728,0.03363636363636364,0.8227272727272728
0.1390909090909091,0.00909090909090909,0.03636363636363636,0.8154545454545454
0.1318181818181818,0.016363636363636365,0.03363636363636364,0.8181818181818182
0.13545454545454547,0.016363636363636365,0.02909090909090909,0.8190909090909091
0.13,0.01818181818181818,0.03090909090909091,0.8209090909090909
0.13636363636363635,0.02,0.025454545454545455,0.8181818181818182
0.13454545454545455,0.024545454545454544,0.02181818181818182,0.8190909090909091
0.14363636363636365,0.017272727272727273,0.02909090909090909,0.81
0.13454545454545455,0.02090909090909091,0.03272727272727273,0.8118181818181818
0.14363636363636365,0.02090909090909091,0.03272727272727273,0.8027272727272727
0.14,0.02181818181818182,0.034545454545454546,0.8036363636363636
0.14,0.02181818181818182,0.03363636363636364,0.8045454545454546
0.13545454545454547,0.025454545454545455,0.031818181818181815,0.8072727272727273
0.1409090909090909,0.025454545454545455,0.02909090909090909,0.8045454545454546
0.13363636363636364,0.03272727272727273,0.026363636363636363,0.8072727272727273
0.13818181818181818,0.022727272727272728,0.034545454545454546,0.8045454545454546
0.13363636363636364,0.026363636363636363,0.03363636363636364,0.8063636363636364
0.13545454545454547,0.026363636363636363,0.03090909090909091,0.8072727272727273
0.13090909090909092,0.025454545454545455,0.035454545454545454,0.8081818181818182
0.13272727272727272,0.02,0.03727272727272727,0.81
0.12636363636363637,0.024545454545454544,0.035454545454545454,0.8136363636363636
0.13545454545454547,0.02,0.03363636363636364,0.8109090909090909
0.12727272727272726,0.023636363636363636,0.034545454545454546,0.8145454545454546
0.13545454545454547,0.02181818181818182,0.035454545454545454,0.8072727272727273
0.12636363636363637,0.024545454545454544,0.03909090909090909,0.81
0.1318181818181818,0.02090909090909091,0.04090909090909091,0.8063636363636364
0.12545454545454546,0.028181818181818183,0.034545454545454546,0.8118181818181818
