0.99,0,0.01,0
0.99,0,0.01,0
0.99,0,0.01,0
1,0,0,0
0.9609090909090909,0.03909090909090909,0,0
0.9609090909090909,0.031818181818181815,0.007272727272727273,0
0.9272727272727272,0.060909090909090906,0.011818181818181818,0
0.9272727272727272,0.04727272727272727,0.024545454545454544,9.090909090909091e-4
0.87,0.09090909090909091,0.03636363636363636,0.0027272727272727275
0.87,0.07272727272727272,0.05181818181818182,0.005454545454545455
0.7836363636363637,0.1409090909090909,0.06545454545454546,0.01
0.7836363636363637,0.1,0.09818181818181818,0.01818181818181818
0.6836363636363636,0.1618181818181818,0.12727272727272726,0.02727272727272727
0.6836363636363636,0.12545454545454546,0.14909090909090908,0.04181818181818182
0.5736363636363636,0.20636363636363636,0.1572727272727273,0.06272727272727273
0.5736363636363636,0.16454545454545455,0.18272727272727274,0.07909090909090909
0.4536363636363636,0.22636363636363635,0.22363636363636363,0.09636363636363636
0.4536363636363636,0.18272727272727274,0.23636363636363636,0.12727272727272726
0.3472727272727273,0.2509090909090909,0.25,0.15181818181818182
0.3481818181818182,0.1918181818181818,0.2872727272727273,0.17272727272727273
0.27090909090909093,0.21545454545454545,0.29818181818181816,0.21545454545454545
0.2690909090909091,0.16454545454545455,0.31363636363636366,0.25272727272727274
0.18727272727272729,0.1990909090909091,0.32636363636363636,0.2872727272727273
0.18727272727272729,0.15181818181818182,0.3409090909090909,0.32
0.11727272727272728,0.18454545454545454,0.33,0.36818181818181817
0.11818181818181818,0.14363636363636365,0.3290909090909091,0.4090909090909091
0.06545454545454546,0.15454545454545454,0.3209090909090909,0.4590909090909091
0.06545454545454546,0.11090909090909092,0.3245454545454545,0.4990909090909091
0.03636363636363636,0.11,0.31363636363636366,0.54
0.03727272727272727,0.08454545454545455,0.2972727272727273,0.5809090909090909
0.019090909090909092,0.07909090909090909,0.2809090909090909,0.6209090909090909
0.01818181818181818,0.05454545454545454,0.27545454545454545,0.6518181818181819
0.008181818181818182,0.05090909090909091,0.25,0.6909090909090909
0.00909090909090909,0.038181818181818185,0.23,0.7227272727272728
0.008181818181818182,0.02909090909090909,0.2109090909090909,0.7518181818181818
0.008181818181818182,0.02727272727272727,0.18454545454545454,0.78
0.007272727272727273,0.02090909090909091,0.17454545454545456,0.7972727272727272
0.007272727272727273,0.017272727272727273,0.16454545454545455,0.8109090909090909
0.01,0.012727272727272728,0.14,0.8372727272727273
0.012727272727272728,0.01,0.11636363636363636,0.860909090909091
0.013636363636363636,0.011818181818181818,0.10545454545454545,0.8690909090909091
0.012727272727272728,0.012727272727272728,0.09545454545454546,0.8790909090909091
0.013636363636363636,0.008181818181818182,0.08545454545454545,0.8927272727272727
0.015454545454545455,0.007272727272727273,0.07818181818181819,0.899090909090909
0.014545454545454545,0.008181818181818182,0.07,0.9072727272727272
0.017272727272727273,0.006363636363636364,0.060909090909090906,0.9154545454545454
0.01818181818181818,0.005454545454545455,0.053636363636363635,0.9227272727272727
0.023636363636363636,0.005454545454545455,0.04909090909090909,0.9218181818181819
0.022727272727272728,0.00909090909090909,0.04181818181818182,0.9263636363636364
0.023636363636363636,0.00909090909090909,0.04090909090909091,0.9263636363636364
0.026363636363636363,0.008181818181818182,0.03636363636363636,0.9290909090909091
0.028181818181818183,0.005454545454545455,0.03636363636363636,0.93
0.03,0.0036363636363636364,0.031818181818181815,0.9345454545454546
0.031818181818181815,0.0036363636363636364,0.02727272727272727,0.9372727272727273
0.034545454545454546,0.0036363636363636364,0.026363636363636363,0.9354545454545454
0.038181818181818185,0.0027272727272727275,0.024545454545454544,0.9345454545454546
0.03909090909090909,0.004545454545454545,0.019090909090909092,0.9372727272727273
0.04454545454545455,0.005454545454545455,0.016363636363636365,0.9336363636363636
0.045454545454545456,0.005454545454545455,0.014545454545454545,0.9345454545454546
0.05090909090909091,0.005454545454545455,0.014545454545454545,0.9290909090909091
0.05181818181818182,0.005454545454545455,0.014545454545454545,0.9281818181818182
0.053636363636363635,0.005454545454545455,0.014545454545454545,0.9263636363636364
0.05454545454545454,0.0036363636363636364,0.014545454545454545,0.9272727272727272
0.057272727272727274,0.0027272727272727275,0.011818181818181818,0.9281818181818182
0.05818181818181818,0.0027272727272727275,0.01,0.9290909090909091
0.06272727272727273,0.0027272727272727275,0.006363636363636364,0.9281818181818182
0.06636363636363636,0.0018181818181818182,0.007272727272727273,0.9245454545454546
0.07090909090909091,0.0018181818181818182,0.007272727272727273,0.92
0.07181818181818182,0.0018181818181818182,0.005454545454545455,0.9209090909090909
0.07363636363636364,0.0018181818181818182,0.0036363636363636364,0.9209090909090909
0.07909090909090909,0.0018181818181818182,0.004545454545454545,0.9145454545454546
0.08727272727272728,9.090909090909091e-4,0.005454545454545455,0.9063636363636364
0.09,9.090909090909091e-4,0.006363636363636364,0.9027272727272727
0.09181818181818181,9.090909090909091e-4,0.004545454545454545,0.9027272727272727
0.09090909090909091,0.0018181818181818182,0.0036363636363636364,0.9036363636363637
0.09454545454545454,0.0027272727272727275,0.004545454545454545,0.8981818181818182
0.09545454545454546,0.0027272727272727275,0.004545454545454545,0.8972727272727272
0.10272727272727272,0.0018181818181818182,0.005454545454545455,0.89
0.10636363636363637,9.090909090909091e-4,0.005454545454545455,0.8872727272727273
0.11181818181818182,9.090909090909091e-4,0.0027272727272727275,0.8845454545454545
0.11181818181818182,0.0018181818181818182,0.0036363636363636364,0.8827272727272727
0.11545454545454545,0.0018181818181818182,0.0027272727272727275,0.88
0.12,0.0036363636363636364,9.090909090909091e-4,0.8754545454545455
0.12363636363636364,0.0036363636363636364,0.0018181818181818182,0.8709090909090909
0.12727272727272726,0.0036363636363636364,0.0027272727272727275,0.8663636363636363
0.13363636363636364,0.0018181818181818182,0.004545454545454545,0.86
0.13363636363636364,0.0018181818181818182,0.0036363636363636364,0.860909090909091
0.13818181818181818,0.0018181818181818182,0.0027272727272727275,0.8572727272727273
0.13727272727272727,0.0036363636363636364,0.0018181818181818182,0.8572727272727273
0.1390909090909091,0.0036363636363636364,9.090909090909091e-4,0.8563636363636363
0.13727272727272727,0.005454545454545455,9.090909090909091e-4,0.8563636363636363
0.1409090909090909,0.0036363636363636364,0.0027272727272727275,0.8527272727272728
0.14,0.0027272727272727275,0.004545454545454545,0.8527272727272728
0.14181818181818182,0.004545454545454545,0.004545454545454545,0.8490909090909091
0.14363636363636365,0.004545454545454545,0.0036363636363636364,0.8481818181818181
0.14636363636363636,0.005454545454545455,0.0027272727272727275,0.8454545454545455
0.14727272727272728,0.004545454545454545,0.004545454545454545,0.8436363636363636
0.15,0.005454545454545455,0.004545454545454545,0.84
0.15363636363636363,0.0027272727272727275,0.006363636363636364,0.8372727272727273
0.15454545454545454,0.0018181818181818182,0.008181818181818182,0.8354545454545454
0.15545454545454546,0.0027272727272727275,0.007272727272727273,0.8345454545454546
0.1572727272727273,0.004545454545454545,0.007272727272727273,0.8309090909090909
0.15818181818181817,0.004545454545454545,0.007272727272727273,0.83
0.16454545454545455,0.0036363636363636364,0.007272727272727273,0.8245454545454546
0.16818181818181818,0.0036363636363636364,0.006363636363636364,0.8218181818181818
0.16727272727272727,0.006363636363636364,0.006363636363636364,0.82
0.16818181818181818,0.004545454545454545,0.00909090909090909,0.8181818181818182
0.17,0.005454545454545455,0.008181818181818182,0.8163636363636364
0.17272727272727273,0.0027272727272727275,0.01090909090909091,0.8136363636363636
0.17272727272727273,0.0036363636363636364,0.00909090909090909,0.8145454545454546
0.17181818181818181,0.0036363636363636364,0.01090909090909091,0.8136363636363636
0.17545454545454545,0.004545454545454545,0.008181818181818182,0.8118181818181818
0.17363636363636364,0.005454545454545455,0.00909090909090909,0.8118181818181818
0.17545454545454545,0.0027272727272727275,0.011818181818181818,0.81
0.17727272727272728,0.004545454545454545,0.01090909090909091,0.8072727272727273
0.18,0.004545454545454545,0.00909090909090909,0.8063636363636364
0.17909090909090908,0.004545454545454545,0.00909090909090909,0.8072727272727273
0.17909090909090908,0.004545454545454545,0.008181818181818182,0.8081818181818182
0.18363636363636363,0.0036363636363636364,0.008181818181818182,0.8045454545454546
0.18636363636363637,0.0036363636363636364,0.004545454545454545,0.8054545454545454
0.18818181818181817,0.0036363636363636364,0.004545454545454545,0.8036363636363636
0.19090909090909092,0.0036363636363636364,0.004545454545454545,0.8009090909090909
0.1918181818181818,0.0027272727272727275,0.005454545454545455,0.8
0.19272727272727272,0.0027272727272727275,0.005454545454545455,0.7990909090909091
0.19545454545454546,0.0027272727272727275,0.004545454545454545,0.7972727272727272
0.19818181818181818,0.0027272727272727275,0.004545454545454545,0.7945454545454546
0.2,0.0018181818181818182,0.007272727272727273,0.7909090909090909
0.20272727272727273,0.0027272727272727275,0.006363636363636364,0.7881818181818182
0.20272727272727273,0.0036363636363636364,0.007272727272727273,0.7863636363636364
0.20363636363636364,0.0036363636363636364,0.008181818181818182,0.7845454545454545
0.20454545454545456,0.004545454545454545,0.008181818181818182,0.7827272727272727
0.20363636363636364,0.0036363636363636364,0.00909090909090909,0.7836363636363637
0.2009090909090909,0.005454545454545455,0.01,0.7836363636363637
0.2018181818181818,0.006363636363636364,0.01090909090909091,0.7809090909090909
0.2018181818181818,0.0036363636363636364,0.012727272727272728,0.7818181818181819
0.20454545454545456,0.005454545454545455,0.011818181818181818,0.7781818181818182
0.20272727272727273,0.01,0.01,0.7772727272727272
0.20545454545454545,0.008181818181818182,0.013636363636363636,0.7727272727272727
0.20272727272727273,0.01090909090909091,0.011818181818181818,0.7745454545454545
0.20363636363636364,0.01,0.012727272727272728,0.7736363636363637
0.20454545454545456,0.01090909090909091,0.013636363636363636,0.7709090909090909
0.20272727272727273,0.01090909090909091,0.014545454545454545,0.7718181818181818
0.1990909090909091,0.012727272727272728,0.011818181818181818,0.7763636363636364
0.2,0.011818181818181818,0.012727272727272728,0.7754545454545455
0.2018181818181818,0.01090909090909091,0.013636363636363636,0.7736363636363637
0.20636363636363636,0.004545454545454545,0.01818181818181818,0.7709090909090909
0.2018181818181818,0.01,0.014545454545454545,0.7736363636363637
0.20363636363636364,0.01090909090909091,0.017272727272727273,0.7681818181818182
0.2018181818181818,0.011818181818181818,0.016363636363636365,0.77
0.2018181818181818,0.012727272727272728,0.01818181818181818,0.7672727272727272
0.2009090909090909,0.01,0.019090909090909092,0.77
0.2018181818181818,0.008181818181818182,0.02,0.77
0.20272727272727273,0.00909090909090909,0.01818181818181818,0.77
0.20727272727272728,0.008181818181818182,0.01818181818181818,0.7663636363636364
0.20545454545454545,0.007272727272727273,0.02,0.7672727272727272
0.20454545454545456,0.00909090909090909,0.02,0.7663636363636364
0.2,0.012727272727272728,0.019090909090909092,0.7681818181818182
0.20454545454545456,0.011818181818181818,0.01818181818181818,0.7654545454545455
0.20363636363636364,0.012727272727272728,0.02090909090909091,0.7627272727272727
0.20545454545454545,0.01,0.02181818181818182,0.7627272727272727
0.2,0.015454545454545455,0.02090909090909091,0.7636363636363637
0.2009090909090909,0.012727272727272728,0.022727272727272728,0.7636363636363637
0.19818181818181818,0.014545454545454545,0.02181818181818182,0.7654545454545455
0.1990909090909091,0.015454545454545455,0.022727272727272728,0.7627272727272727
0.19272727272727272,0.02,0.02090909090909091,0.7663636363636364
0.19727272727272727,0.013636363636363636,0.026363636363636363,0.7627272727272727
0.19454545454545455,0.012727272727272728,0.026363636363636363,0.7663636363636364
0.19090909090909092,0.016363636363636365,0.02727272727272727,0.7654545454545455
0.18636363636363637,0.02181818181818182,0.023636363636363636,0.7681818181818182
0.18545454545454546,0.01818181818181818,0.02727272727272727,0.769090909090909
0.18636363636363637,0.015454545454545455,0.03,0.7681818181818182
0.18727272727272729,0.015454545454545455,0.02909090909090909,0.7681818181818182
0.18181818181818182,0.015454545454545455,0.031818181818181815,0.7709090909090909
0.1781818181818182,0.017272727272727273,0.031818181818181815,0.7727272727272727
0.17454545454545456,0.019090909090909092,0.03272727272727273,0.7736363636363637
0.17636363636363636,0.014545454545454545,0.03272727272727273,0.7763636363636364
0.17272727272727273,0.017272727272727273,0.03363636363636364,0.7763636363636364
0.1709090909090909,0.015454545454545455,0.035454545454545454,0.7781818181818182
0.16545454545454547,0.01818181818181818,0.034545454545454546,0.7818181818181819
0.16636363636363635,0.014545454545454545,0.03727272727272727,0.7818181818181819
0.16545454545454547,0.013636363636363636,0.03272727272727273,0.7881818181818182
0.17181818181818181,0.01090909090909091,0.03272727272727273,0.7845454545454545
0.17363636363636364,0.012727272727272728,0.03,0.7836363636363637
0.17181818181818181,0.013636363636363636,0.028181818181818183,0.7863636363636364
0.16636363636363635,0.015454545454545455,0.031818181818181815,0.7863636363636364
0.16272727272727272,0.017272727272727273,0.03272727272727273,0.7872727272727272
0.16,0.017272727272727273,0.031818181818181815,0.7909090909090909
0.1618181818181818,0.015454545454545455,0.03363636363636364,0.7890909090909091
0.15363636363636363,0.02181818181818182,0.03272727272727273,0.7918181818181819
0.15818181818181817,0.02,0.031818181818181815,0.79
0.15363636363636363,0.022727272727272728,0.03090909090909091,0.7927272727272727
0.16,0.017272727272727273,0.034545454545454546,0.7881818181818182
0.1618181818181818,0.014545454545454545,0.038181818181818185,0.7854545454545454
0.16,0.017272727272727273,0.03636363636363636,0.7863636363636364
0.1572727272727273,0.019090909090909092,0.034545454545454546,0.7890909090909091
0.15818181818181817,0.016363636363636365,0.034545454545454546,0.7909090909090909
0.15454545454545454,0.014545454545454545,0.03909090909090909,0.7918181818181819
0.16272727272727272,0.011818181818181818,0.03727272727272727,0.7881818181818182
0.15363636363636363,0.023636363636363636,0.034545454545454546,0.7881818181818182
0.15636363636363637,0.023636363636363636,0.031818181818181815,0.7881818181818182
0.15272727272727274,0.02090909090909091,0.03727272727272727,0.7890909090909091
0.15636363636363637,0.019090909090909092,0.03636363636363636,0.7881818181818182
0.15181818181818182,0.01818181818181818,0.038181818181818185,0.7918181818181819
0.15,0.02090909090909091,0.038181818181818185,0.7909090909090909
0.1409090909090909,0.02727272727272727,0.03636363636363636,0.7954545454545454
0.14636363636363636,0.024545454545454544,0.03636363636363636,0.7927272727272727
0.14363636363636365,0.025454545454545455,0.04,0.7909090909090909
0.14545454545454545,0.023636363636363636,0.04,0.7909090909090909
0.13818181818181818,0.02727272727272727,0.04181818181818182,0.7927272727272727
0.13090909090909092,0.02909090909090909,0.04363636363636364,0.7963636363636364
0.12545454545454546,0.028181818181818183,0.04727272727272727,0.7990909090909091
0.13090909090909092,0.025454545454545455,0.04727272727272727,0.7963636363636364
0.12545454545454546,0.024545454545454544,0.05272727272727273,0.7972727272727272
0.13090909090909092,0.02,0.04818181818181818,0.8009090909090909
0.11636363636363636,0.02909090909090909,0.05090909090909091,0.8036363636363636
0.1190909090909091,0.02909090909090909,0.05090909090909091,0.8009090909090909
0.11090909090909092,0.031818181818181815,0.05090909090909091,0.8063636363636364
0.11363636363636363,0.02909090909090909,0.04909090909090909,0.8081818181818182
0.10727272727272727,0.02909090909090909,0.046363636363636364,0.8172727272727273
0.11090909090909092,0.024545454545454544,0.05,0.8145454545454546
0.10454545454545454,0.02727272727272727,0.05090909090909091,0.8172727272727273
0.10454545454545454,0.02090909090909091,0.05,0.8245454545454546
0.1009090909090909,0.026363636363636363,0.04818181818181818,0.8245454545454546
0.10454545454545454,0.026363636363636363,0.04909090909090909,0.82
0.09636363636363636,0.03,0.04818181818181818,0.8254545454545454
0.09727272727272727,0.025454545454545455,0.05181818181818182,0.8254545454545454
0.08636363636363636,0.035454545454545454,0.046363636363636364,0.8318181818181818
0.08727272727272728,0.03090909090909091,0.04727272727272727,0.8345454545454546
0.08454545454545455,0.02727272727272727,0.05090909090909091,0.8372727272727273
0.0890909090909091,0.023636363636363636,0.05181818181818182,0.8354545454545454
0.08272727272727273,0.03090909090909091,0.04909090909090909,0.8372727272727273
0.08272727272727273,0.024545454545454544,0.053636363636363635,0.8390909090909091
0.08,0.02727272727272727,0.05272727272727273,0.84
0.08454545454545455,0.02,0.05181818181818182,0.8436363636363636
0.07818181818181819,0.024545454545454544,0.05090909090909091,0.8463636363636363
0.08363636363636363,0.01818181818181818,0.05181818181818182,0.8463636363636363
0.07818181818181819,0.01818181818181818,0.05090909090909091,0.8527272727272728
0.08272727272727273,0.014545454545454545,0.05181818181818182,0.850909090909091
0.08272727272727273,0.013636363636363636,0.04727272727272727,0.8563636363636363
0.08636363636363636,0.011818181818181818,0.045454545454545456,0.8563636363636363
0.08727272727272728,0.01,0.04363636363636364,0.8590909090909091
0.09181818181818181,0.011818181818181818,0.038181818181818185,0.8581818181818182
0.09363636363636364,0.01,0.03636363636363636,0.86
0.10454545454545454,0.007272727272727273,0.035454545454545454,0.8527272727272728
0.10363636363636364,0.01090909090909091,0.03090909090909091,0.8545454545454545
0.11181818181818182,0.01090909090909091,0.028181818181818183,0.8490909090909091
0.11090909090909092,0.014545454545454545,0.026363636363636363,0.8481818181818181
0.1190909090909091,0.014545454545454545,0.028181818181818183,0.8381818181818181
0.11272727272727273,0.015454545454545455,0.03363636363636364,0.8381818181818181
0.12363636363636364,0.014545454545454545,0.03090909090909091,0.8309090909090909
0.12181818181818181,0.016363636363636365,0.03,0.8318181818181818
0.12636363636363637,0.016363636363636365,0.02909090909090909,0.8281818181818181
0.12272727272727273,0.02090909090909091,0.026363636363636363,0.83
0.12363636363636364,0.019090909090909092,0.02909090909090909,0.8281818181818181
0.12181818181818181,0.02090909090909091,0.028181818181818183,0.8290909090909091
0.12454545454545454,0.02,0.028181818181818183,0.8272727272727273
0.12545454545454546,0.02090909090909091,0.02727272727272727,0.8263636363636364
0.13454545454545455,0.015454545454545455,0.028181818181818183,0.8218181818181818
0.1318181818181818,0.015454545454545455,0.03,0.8227272727272728
0.14363636363636365,0.013636363636363636,0.03090909090909091,0.8118181818181818
0.14,0.017272727272727273,0.031818181818181815,0.8109090909090909
0.1390909090909091,0.01818181818181818,0.03090909090909091,0.8118181818181818
0.1318181818181818,0.02,0.034545454545454546,0.8136363636363636
0.13,0.022727272727272728,0.03363636363636364,0.8136363636363636
0.12454545454545454,0.022727272727272728,0.034545454545454546,0.8181818181818182
0.13363636363636364,0.02090909090909091,0.03727272727272727,0.8081818181818182
0.12818181818181817,0.023636363636363636,0.035454545454545454,0.8127272727272727
0.13090909090909092,0.024545454545454544,0.031818181818181815,0.8127272727272727
0.12272727272727273,0.028181818181818183,0.031818181818181815,0.8172727272727273
0.13,0.016363636363636365,0.038181818181818185,0.8154545454545454
0.1290909090909091,0.016363636363636365,0.04181818181818182,0.8127272727272727
0.13363636363636364,0.017272727272727273,0.04,0.8090909090909091
0.13,0.02,0.03909090909090909,0.8109090909090909
0.13363636363636364,0.02,0.03909090909090909,0.8072727272727273
0.12090909090909091,0.02909090909090909,0.038181818181818185,0.8118181818181818
0.12454545454545454,0.025454545454545455,0.042727272727272725,0.8072727272727273
0.12363636363636364,0.02,0.046363636363636364,0.81
0.1318181818181818,0.013636363636363636,0.05,0.8045454545454546
0.12545454545454546,0.022727272727272728,0.04363636363636364,0.8081818181818182
0.1318181818181818,0.02181818181818182,0.04090909090909091,0.8054545454545454
0.12818181818181817,0.022727272727272728,0.04363636363636364,0.8054545454545454
0.12636363636363637,0.02,0.042727272727272725,0.8109090909090909
0.12363636363636364,0.015454545454545455,0.04818181818181818,0.8127272727272727
0.1290909090909091,0.016363636363636365,0.04454545454545455,0.81
0.12818181818181817,0.017272727272727273,0.046363636363636364,0.8081818181818182
0.1290909090909091,0.015454545454545455,0.046363636363636364,0.8090909090909091
0.12545454545454546,0.016363636363636365,0.04818181818181818,0.81
0.13272727272727272,0.013636363636363636,0.04727272727272727,0.8063636363636364
0.13090909090909092,0.017272727272727273,0.04363636363636364,0.8081818181818182
0.13,0.02,0.03636363636363636,0.8136363636363636
0.12818181818181817,0.01818181818181818,0.04090909090909091,0.8127272727272727
0.13272727272727272,0.017272727272727273,0.04,0.81
0.1318181818181818,0.017272727272727273,0.03363636363636364,0.8172727272727273
0.13636363636363635,0.016363636363636365,0.03090909090909091,0.8163636363636364
0.13,0.02090909090909091,0.03636363636363636,0.8127272727272727
0.14,0.019090909090909092,0.038181818181818185,0.8027272727272727
0.1390909090909091,0.02090909090909091,0.03727272727272727,0.8027272727272727
0.13818181818181818,0.01818181818181818,0.03909090909090909,0.8045454545454546
0.13818181818181818,0.019090909090909092,0.03909090909090909,0.8036363636363636
0.14181818181818182,0.016363636363636365,0.04181818181818182,0.8
0.13636363636363635,0.02,0.038181818181818185,0.8054545454545454
0.1481818181818182,0.014545454545454545,0.03909090909090909,0.7981818181818182
0.13818181818181818,0.024545454545454544,0.034545454545454546,0.8027272727272727
0.14181818181818182,0.02090909090909091,0.03909090909090909,0.7981818181818182
0.1409090909090909,0.01818181818181818,0.03909090909090909,0.8018181818181818
0.14363636363636365,0.019090909090909092,0.04,0.7972727272727272
0.1390909090909091,0.017272727272727273,0.04181818181818182,0.8018181818181818
0.14272727272727273,0.014545454545454545,0.04090909090909091,0.8018181818181818
0.13454545454545455,0.02181818181818182,0.04181818181818182,0.8018181818181818
0.14272727272727273,0.02090909090909091,0.03727272727272727,0.7990909090909091
0.13818181818181818,0.02090909090909091,0.03909090909090909,0.8018181818181818
0.14363636363636365,0.013636363636363636,0.04090909090909091,0.8018181818181818
0.14,0.015454545454545455,0.04090909090909091,0.8036363636363636
0.14454545454545453,0.015454545454545455,0.04,0.8
0.13454545454545455,0.019090909090909092,0.04363636363636364,0.8027272727272727
0.14181818181818182,0.012727272727272728,0.04,0.8054545454545454
0.13363636363636364,0.017272727272727273,0.04,0.8090909090909091
0.14181818181818182,0.016363636363636365,0.038181818181818185,0.8036363636363636
0.13818181818181818,0.019090909090909092,0.038181818181818185,0.8045454545454546
0.14,0.01818181818181818,0.035454545454545454,0.8063636363636364
0.13090909090909092,0.026363636363636363,0.034545454545454546,0.8081818181818182
0.13454545454545455,0.026363636363636363,0.03272727272727273,0.8063636363636364
0.12090909090909091,0.02909090909090909,0.04090909090909091,0.8090909090909091
0.12545454545454546,0.023636363636363636,0.04454545454545455,0.8063636363636364
0.12545454545454546,0.023636363636363636,0.04727272727272727,0.8036363636363636
0.12727272727272726,0.025454545454545455,0.045454545454545456,0.8018181818181818
0.12454545454545454,0.02181818181818182,0.05090909090909091,0.8027272727272727
0.12727272727272726,0.02,0.05,0.8027272727272727
0.12454545454545454,0.02181818181818182,0.04181818181818182,0.8118181818181818
0.12636363636363637,0.02090909090909091,0.042727272727272725,0.81
0.12272727272727273,0.02181818181818182,0.042727272727272725,0.8127272727272727
0.12545454545454546,0.017272727272727273,0.04727272727272727,0.81
0.12636363636363637,0.01818181818181818,0.04454545454545455,0.8109090909090909
0.12818181818181817,0.016363636363636365,0.04818181818181818,0.8072727272727273
0.11818181818181818,0.02727272727272727,0.04,0.8145454545454546
0.12454545454545454,0.022727272727272728,0.04454545454545455,0.8081818181818182
0.11727272727272728,0.02727272727272727,0.04454545454545455,0.8109090909090909
0.12363636363636364,0.024545454545454544,0.04363636363636364,0.8081818181818182
0.12,0.023636363636363636,0.045454545454545456,0.8109090909090909
0.12181818181818181,0.024545454545454544,0.04454545454545455,0.8090909090909091
0.11636363636363636,0.022727272727272728,0.05,0.8109090909090909
0.11454545454545455,0.02090909090909091,0.04818181818181818,0.8163636363636364
0.11454545454545455,0.01818181818181818,0.04363636363636364,0.8236363636363636
0.12090909090909091,0.017272727272727273,0.03909090909090909,0.8227272727272728
0.11727272727272728,0.015454545454545455,0.042727272727272725,0.8245454545454546
0.1190909090909091,0.015454545454545455,0.04,0.8254545454545454
0.11818181818181818,0.017272727272727273,0.038181818181818185,0.8263636363636364
0.12454545454545454,0.013636363636363636,0.03727272727272727,0.8245454545454546
0.11727272727272728,0.019090909090909092,0.03909090909090909,0.8245454545454546
0.11727272727272728,0.01818181818181818,0.034545454545454546,0.83
0.11636363636363636,0.01818181818181818,0.03272727272727273,0.8327272727272728
0.12090909090909091,0.019090909090909092,0.03090909090909091,0.8290909090909091
0.11727272727272728,0.01818181818181818,0.03090909090909091,0.8336363636363636
0.12454545454545454,0.012727272727272728,0.034545454545454546,0.8281818181818181
0.12090909090909091,0.013636363636363636,0.03363636363636364,0.8318181818181818
0.1290909090909091,0.013636363636363636,0.028181818181818183,0.8290909090909091
0.12090909090909091,0.02090909090909091,0.028181818181818183,0.83
0.12090909090909091,0.02,0.023636363636363636,0.8354545454545454
0.12,0.023636363636363636,0.024545454545454544,0.8318181818181818
0.12727272727272726,0.01090909090909091,0.034545454545454546,0.8272727272727273
0.12636363636363637,0.011818181818181818,0.034545454545454546,0.8272727272727273
0.13545454545454547,0.012727272727272728,0.03090909090909091,0.8209090909090909
0.13454545454545455,0.015454545454545455,0.02909090909090909,0.8209090909090909
0.1390909090909091,0.013636363636363636,0.03,0.8172727272727273
0.13727272727272727,0.017272727272727273,0.028181818181818183,0.8172727272727273
0.14545454545454545,0.015454545454545455,0.031818181818181815,0.8072727272727273
0.13818181818181818,0.02,0.031818181818181815,0.81
0.14181818181818182,0.02,0.034545454545454546,0.8036363636363636
0.13272727272727272,0.028181818181818183,0.034545454545454546,0.8045454545454546
0.13636363636363635,0.02181818181818182,0.04,0.8018181818181818
0.13363636363636364,0.015454545454545455,0.046363636363636364,0.8045454545454546
0.14272727272727273,0.013636363636363636,0.046363636363636364,0.7972727272727272
0.13727272727272727,0.02181818181818182,0.045454545454545456,0.7954545454545454
0.14363636363636365,0.024545454545454544,0.045454545454545456,0.7863636363636364
0.1390909090909091,0.028181818181818183,0.04454545454545455,0.7881818181818182
0.14363636363636365,0.023636363636363636,0.04,0.7927272727272727
0.1390909090909091,0.022727272727272728,0.04363636363636364,0.7945454545454546
0.14636363636363636,0.015454545454545455,0.04818181818181818,0.79
0.14454545454545453,0.017272727272727273,0.04909090909090909,0.7890909090909091
0.15181818181818182,0.016363636363636365,0.04909090909090909,0.7827272727272727
0.13727272727272727,0.028181818181818183,0.045454545454545456,0.7890909090909091
0.14272727272727273,0.023636363636363636,0.042727272727272725,0.7909090909090909
0.1409090909090909,0.024545454545454544,0.04090909090909091,0.7936363636363636
0.15272727272727274,0.01818181818181818,0.04090909090909091,0.7881818181818182
0.14636363636363636,0.02090909090909091,0.04090909090909091,0.7918181818181819
0.1481818181818182,0.01818181818181818,0.042727272727272725,0.7909090909090909
0.14363636363636365,0.02090909090909091,0.042727272727272725,0.7927272727272727
0.15,0.016363636363636365,0.04090909090909091,0.7927272727272727
0.1409090909090909,0.02181818181818182,0.03727272727272727,0.8
0.14636363636363636,0.022727272727272728,0.03090909090909091,0.8
0.14363636363636365,0.022727272727272728,0.034545454545454546,0.7990909090909091
0.15363636363636363,0.019090909090909092,0.03909090909090909,0.7881818181818182
0.14636363636363636,0.023636363636363636,0.04454545454545455,0.7854545454545454
0.1481818181818182,0.022727272727272728,0.04727272727272727,0.7818181818181819
0.13818181818181818,0.031818181818181815,0.04454545454545455,0.7854545454545454
0.1390909090909091,0.02727272727272727,0.04818181818181818,0.7854545454545454
0.13,0.031818181818181815,0.045454545454545456,0.7927272727272727
0.13818181818181818,0.02909090909090909,0.04909090909090909,0.7836363636363637
0.13363636363636364,0.02090909090909091,0.057272727272727274,0.7881818181818182
0.13545454545454547,0.02181818181818182,0.056363636363636366,0.7863636363636364
0.12545454545454546,0.02727272727272727,0.05,0.7972727272727272
0.13454545454545455,0.022727272727272728,0.045454545454545456,0.7972727272727272
0.12727272727272726,0.025454545454545455,0.042727272727272725,0.8045454545454546
0.13090909090909092,0.026363636363636363,0.04181818181818182,0.8009090909090909
0.12636363636363637,0.028181818181818183,0.04,0.8054545454545454
0.1318181818181818,0.022727272727272728,0.045454545454545456,0.8
0.1290909090909091,0.024545454545454544,0.04454545454545455,0.8018181818181818
0.13363636363636364,0.023636363636363636,0.04454545454545455,0.7981818181818182
0.1290909090909091,0.024545454545454544,0.042727272727272725,0.8036363636363636
0.13727272727272727,0.02090909090909091,0.04727272727272727,0.7945454545454546
0.12727272727272726,0.025454545454545455,0.04818181818181818,0.7990909090909091
0.13272727272727272,0.019090909090909092,0.05272727272727273,0.7954545454545454
0.12454545454545454,0.026363636363636363,0.04727272727272727,0.8018181818181818
0.13090909090909092,0.02090909090909091,0.04818181818181818,0.8
0.12454545454545454,0.02181818181818182,0.05181818181818182,0.8018181818181818
0.13090909090909092,0.01818181818181818,0.05,0.8009090909090909
0.12636363636363637,0.017272727272727273,0.04818181818181818,0.8081818181818182
0.13545454545454547,0.013636363636363636,0.04454545454545455,0.8063636363636364
0.13363636363636364,0.016363636363636365,0.04363636363636364,0.8063636363636364
0.1409090909090909,0.016363636363636365,0.04090909090909091,0.8018181818181818
0.1409090909090909,0.019090909090909092,0.04181818181818182,0.7981818181818182
0.1409090909090909,0.02181818181818182,0.04090909090909091,0.7963636363636364
0.13545454545454547,0.023636363636363636,0.04454545454545455,0.7963636363636364
0.14454545454545453,0.019090909090909092,0.04363636363636364,0.7927272727272727
0.14,0.022727272727272728,0.04363636363636364,0.7936363636363636
0.14454545454545453,0.023636363636363636,0.03727272727272727,0.7945454545454546
0.13636363636363635,0.03,0.03636363636363636,0.7972727272727272
0.13545454545454547,0.023636363636363636,0.04181818181818182,0.7990909090909091
0.12545454545454546,0.02909090909090909,0.045454545454545456,0.8
0.12454545454545454,0.03272727272727273,0.042727272727272725,0.8
0.11545454545454545,0.03363636363636364,0.046363636363636364,0.8045454545454546
0.11636363636363636,0.02727272727272727,0.05272727272727273,0.8036363636363636
0.11,0.03363636363636364,0.05,0.8063636363636364
0.11636363636363636,0.02727272727272727,0.05454545454545454,0.8018181818181818
0.11,0.025454545454545455,0.05454545454545454,0.81
0.12181818181818181,0.02090909090909091,0.05454545454545454,0.8027272727272727
0.10909090909090909,0.02909090909090909,0.057272727272727274,0.8045454545454546
0.11181818181818182,0.023636363636363636,0.05545454545454546,0.8090909090909091
0.10363636363636364,0.023636363636363636,0.056363636363636366,0.8163636363636364
0.11090909090909092,0.02,0.057272727272727274,0.8118181818181818
0.10181818181818182,0.023636363636363636,0.05454545454545454,0.82
0.11363636363636363,0.02,0.05545454545454546,0.8109090909090909
0.10909090909090909,0.025454545454545455,0.05,0.8154545454545454
0.11272727272727273,0.01818181818181818,0.05,0.8190909090909091
0.10454545454545454,0.022727272727272728,0.05272727272727273,0.82
0.11090909090909092,0.02,0.046363636363636364,0.8227272727272728
0.10545454545454545,0.026363636363636363,0.04454545454545455,0.8236363636363636
0.11181818181818182,0.02,0.04818181818181818,0.82
0.10545454545454545,0.02727272727272727,0.04727272727272727,0.82
0.11272727272727273,0.02090909090909091,0.05181818181818182,0.8145454545454546
0.10909090909090909,0.02090909090909091,0.05181818181818182,0.8181818181818182
0.11,0.01818181818181818,0.05181818181818182,0.82
0.10181818181818182,0.028181818181818183,0.04454545454545455,0.8254545454545454
0.10272727272727272,0.02727272727272727,0.04181818181818182,0.8281818181818181
0.09909090909090909,0.03,0.04181818181818182,0.8290909090909091
0.10181818181818182,0.022727272727272728,0.04818181818181818,0.8272727272727273
0.10545454545454545,0.013636363636363636,0.05272727272727273,0.8281818181818181
0.11272727272727273,0.012727272727272728,0.04818181818181818,0.8263636363636364
0.11090909090909092,0.02,0.04363636363636364,0.8254545454545454
0.11272727272727273,0.015454545454545455,0.04818181818181818,0.8236363636363636
0.10727272727272727,0.02181818181818182,0.04181818181818182,0.8290909090909091
0.11272727272727273,0.01818181818181818,0.03727272727272727,0.8318181818181818
0.10909090909090909,0.022727272727272728,0.038181818181818185,0.83
0.10818181818181818,0.024545454545454544,0.03909090909090909,0.8281818181818181
0.1009090909090909,0.025454545454545455,0.04363636363636364,0.83
0.10272727272727272,0.01818181818181818,0.04909090909090909,0.83
0.09545454545454546,0.02181818181818182,0.046363636363636364,0.8363636363636363
0.1009090909090909,0.02,0.04727272727272727,0.8318181818181818
0.10272727272727272,0.014545454545454545,0.045454545454545456,0.8372727272727273
0.11272727272727273,0.011818181818181818,0.045454545454545456,0.83
0.11181818181818182,0.013636363636363636,0.04818181818181818,0.8263636363636364
0.11818181818181818,0.012727272727272728,0.04727272727272727,0.8218181818181818
0.11272727272727273,0.016363636363636365,0.04454545454545455,0.8263636363636364
0.11454545454545455,0.014545454545454545,0.042727272727272725,0.8281818181818181
0.11454545454545455,0.014545454545454545,0.04,0.8309090909090909
0.12181818181818181,0.015454545454545455,0.03727272727272727,0.8254545454545454
0.11727272727272728,0.01818181818181818,0.03636363636363636,0.8281818181818181
0.12636363636363637,0.017272727272727273,0.03636363636363636,0.82
0.12090909090909091,0.02,0.03909090909090909,0.82
0.12181818181818181,0.016363636363636365,0.042727272727272725,0.8190909090909091
0.11727272727272728,0.019090909090909092,0.04181818181818182,0.8218181818181818
0.12181818181818181,0.01818181818181818,0.042727272727272725,0.8172727272727273
0.10909090909090909,0.028181818181818183,0.04363636363636364,0.8190909090909091
0.11363636363636363,0.025454545454545455,0.04363636363636364,0.8172727272727273
0.11181818181818182,0.02090909090909091,0.05090909090909091,0.8163636363636364
0.12454545454545454,0.017272727272727273,0.046363636363636364,0.8118181818181818
0.11545454545454545,0.02090909090909091,0.046363636363636364,0.8172727272727273
0.1190909090909091,0.013636363636363636,0.04727272727272727,0.82
0.11545454545454545,0.019090909090909092,0.042727272727272725,0.8227272727272728
0.1190909090909091,0.01818181818181818,0.04181818181818182,0.8209090909090909
0.11545454545454545,0.01818181818181818,0.04090909090909091,0.8254545454545454
0.12272727272727273,0.015454545454545455,0.04181818181818182,0.82
0.1190909090909091,0.01818181818181818,0.038181818181818185,0.8245454545454546
0.12363636363636364,0.017272727272727273,0.03636363636363636,0.8227272727272728
0.12090909090909091,0.015454545454545455,0.03636363636363636,0.8272727272727273
0.1290909090909091,0.014545454545454545,0.035454545454545454,0.8209090909090909
0.12818181818181817,0.013636363636363636,0.03727272727272727,0.8209090909090909
0.13727272727272727,0.01,0.035454545454545454,0.8172727272727273
0.12636363636363637,0.022727272727272728,0.035454545454545454,0.8154545454545454
0.1318181818181818,0.013636363636363636,0.042727272727272725,0.8118181818181818
0.12636363636363637,0.016363636363636365,0.04181818181818182,0.8154545454545454
0.1318181818181818,0.019090909090909092,0.04090909090909091,0.8081818181818182
0.1190909090909091,0.025454545454545455,0.03909090909090909,0.8163636363636364
0.12454545454545454,0.02090909090909091,0.034545454545454546,0.82
0.11636363636363636,0.028181818181818183,0.03090909090909091,0.8245454545454546
0.12363636363636364,0.02727272727272727,0.028181818181818183,0.8209090909090909
0.11363636363636363,0.031818181818181815,0.031818181818181815,0.8227272727272728
0.12272727272727273,0.024545454545454544,0.034545454545454546,0.8181818181818182
0.12090909090909091,0.025454545454545455,0.034545454545454546,0.8190909090909091
0.1318181818181818,0.02,0.034545454545454546,0.8136363636363636
0.12181818181818181,0.023636363636363636,0.034545454545454546,0.82
0.12727272727272726,0.01818181818181818,0.03636363636363636,0.8181818181818182
0.12363636363636364,0.02090909090909091,0.038181818181818185,0.8172727272727273
0.12818181818181817,0.019090909090909092,0.038181818181818185,0.8145454545454546
0.12,0.023636363636363636,0.03636363636363636,0.82
0.12545454545454546,0.02090909090909091,0.038181818181818185,0.8154545454545454
0.11545454545454545,0.028181818181818183,0.03272727272727273,0.8236363636363636
0.12272727272727273,0.02181818181818182,0.034545454545454546,0.8209090909090909
0.12,0.02181818181818182,0.03727272727272727,0.8209090909090909
0.12454545454545454,0.017272727272727273,0.04,0.8181818181818182
0.11636363636363636,0.02090909090909091,0.04181818181818182,0.8209090909090909
0.12363636363636364,0.016363636363636365,0.042727272727272725,0.8172727272727273
0.11818181818181818,0.02,0.046363636363636364,0.8154545454545454
0.12272727272727273,0.014545454545454545,0.04818181818181818,0.8145454545454546
0.11727272727272728,0.017272727272727273,0.04363636363636364,0.8218181818181818
0.12272727272727273,0.016363636363636365,0.04181818181818182,0.8190909090909091
0.12181818181818181,0.016363636363636365,0.038181818181818185,0.8236363636363636
0.12727272727272726,0.011818181818181818,0.04363636363636364,0.8172727272727273
0.12545454545454546,0.012727272727272728,0.03909090909090909,0.8227272727272728
0.12727272727272726,0.011818181818181818,0.03636363636363636,0.8245454545454546
0.11818181818181818,0.014545454545454545,0.03636363636363636,0.8309090909090909
0.12272727272727273,0.014545454545454545,0.03272727272727273,0.83
0.1190909090909091,0.014545454545454545,0.03,0.8363636363636363
0.13,0.013636363636363636,0.03,0.8263636363636364
0.12727272727272726,0.014545454545454545,0.03,0.8281818181818181
0.13090909090909092,0.013636363636363636,0.02909090909090909,0.8263636363636364
0.12727272727272726,0.014545454545454545,0.031818181818181815,0.8263636363636364
